444 5175
240654833 135823197 311801393 794546854 846706380 112083493 74188395 372929527 448870366 756899526 21014599 24949616 328856674 671082742 119891521 171697298 12529730 683301507 108878270 310824710 515542531 614374887 670963903 928393031 86304196 616471282 659860412 655263703 724723739 599843207 754408877 817894924 588182755 918726621 464958129 287405486 883326466 539146523 660335013 184713183 296046048 681349611 209662798 477419073 204948704 329554319 649116370 217478433 12855825 610510992 380819494 380914707 77402230 51783397 161824090 163706425 520771030 821684501 818970127 98011121 421527707 425895356 915906044 9710462 197138328 380864172 149632299 80464793 920010694 809967311 265177975 68573094 491316921 474840773 545992166 696265624 656911443 47624888 766260409 522283619 510652231 147079902 903198326 588054460 51379650 65022415 604277236 572150680 739223267 275763714 670161800 13267325 701659069 586067843 22977786 898797397 819448366 25126437 831778541 591975411 835093747 96956516 660548504 178927020 424313640 59057022 875192643 81225082 106681909 493969403 456025052 469850491 641049305 211739729 57904950 692428954 129278495 514698537 117095985 868501761 790462250 787257784 881769086 344637671 225841978 757263223 95951419 45290343 782389659 927729959 637265754 617483406 877202826 150330609 796410425 154032817 61903982 524119419 87774250 21102242 18088822 543799302 490952732 511654478 755539030 401374033 56599783 884817525 916072569 173695768 753319285 706534819 960953551 487604722 51172489 39311881 244867945 147123907 84602223 27257603 927370217 574384328 497257360 804573043 724714937 146184136 958605859 786618918 522819907 46380109 807721160 393425080 442695762 151190243 905079557 198234791 552564276 814195691 83052315 468636844 987891458 688887952 27688014 801361361 29009025 931376854 840673241 273876969 931017112 777791815 153650924 858387329 352176143 503424635 515476723 929407431 649608771 326598933 568542700 24945029 225495393 228780211 418370108 668191154 379970454 175966016 718942297 932534729 990161706 654510963 253687924 830569516 195915266 281375938 484447228 224924291 65269143 177636820 498801259 996286255 955428634 504968534 707189935 160121128 8393169 75183009 89528558 510518291 401781941 658071258 535463319 479793686 886851468 953833426 501191 119338273 129799441 719443487 51873001 119961146 373954450 305560925 803047013 569869715 439453214 287494240 794794005 504722356 465131059 146111616 501008610 273076045 651080149 60714896 433197172 511989669 135897904 522725730 22507959 537679845 33313339 557971277 17473530 772681158 364321054 17974720 892019431 494120494 589934559 943892431 466597992 963889008 101969707 122161356 386275074 541422920 409655596 33585431 46145276 727303006 32213398 399670237 379050 683293546 460385133 433576222 47799567 596283036 808818303 70307525 986479232 842131641 480795154 856469113 467329150 845116207 726960185 359348580 191753053 316894743 155757363 658351044 133300102 110243421 780512399 372091527 651666341 42684346 405676957 550327968 769987352 437890354 802514556 622882753 973700252 115416040 56458974 21499818 711699076 717793628 91807342 550694659 412441620 425118847 407163772 879770770 270235054 134123956 91635701 461988106 303535050 247393063 972855501 289351503 357636484 605884251 661443029 861819176 648568597 67119986 264663495 271072300 357526691 67178050 893955052 183743294 182594090 802930378 205243111 746809517 373240357 149566805 297504175 785681977 574685651 557184298 665452746 697437056 543824605 757088446 11941513 847359654 856997861 984797013 136711156 67150696 590681264 650670537 928969871 91766212 570306874 193633365 215354863 927833564 113327766 109309914 111576858 295921855 764756643 169336320 42731371 137997000 171419476 192751898 776195328 746105127 749936195 294164425 296058534 146277152 51252870 308000047 993636805 760767082 292797059 982864313 827917777 735994674 486051201 756887647 827760885 56358074 803037363 43115747 836707989 916365129 4942013 800801198 64803335 622215007 970137518 107534706 612728358 141556993 152802955 241440037 740178471 755255501 535604461 36237005 901532652 439373683 196753403 747685809 200140764 489550461 583066473 28058541 78061487 69117673 637462539 905822371 125475746 293016254 801454470 814700086 209381382 658912834 615501284 274184716 133644192 438155153 234235773 598888902 
1 330 239555079
2 131 164
2 24 139
2 82 211
2 43 111
2 21 23
1 76 126721632
2 277 358
1 276 261955705
2 103 225
1 223 984855705
1 386 9779024
1 133 775972051
1 343 886402128
2 170 310
2 12 441
2 24 59
1 309 953738762
1 9 408035866
2 337 358
2 227 402
1 253 62482844
2 191 304
2 55 88
1 328 737953260
2 271 415
1 383 613891492
2 28 48
2 2 28
2 39 231
2 43 59
1 232 63200733
1 91 876297036
1 231 479503736
1 346 369366222
2 2 93
2 17 363
2 11 141
1 269 330619994
2 423 424
2 226 409
2 95 107
1 33 754168577
1 360 806700322
1 317 29062528
2 35 130
1 379 279498179
1 127 892932562
2 53 316
2 436 444
1 8 765459065
1 115 641726610
2 69 290
2 187 189
1 116 372097121
1 297 525079623
1 31 328332291
1 248 543230266
2 242 257
2 5 181
1 239 4278763
2 2 13
2 98 140
1 22 962959591
2 33 137
1 4 368457471
1 119 655836701
1 380 36414350
2 100 197
1 424 476455952
2 160 230
2 11 27
2 10 435
1 353 62933625
2 87 414
1 284 40137751
1 144 656911447
1 109 509521266
2 104 327
1 352 7759427
1 137 699039441
2 8 12
2 19 223
2 17 215
2 159 228
2 105 291
1 180 62418097
1 365 169940149
1 299 844495424
2 88 290
1 282 32890316
2 225 380
1 124 362132501
2 10 176
1 174 669463071
1 20 500926791
2 60 125
1 132 615862251
1 59 444101394
1 348 134762165
2 75 91
1 131 243606406
2 7 24
1 243 196726131
2 10 75
1 215 48863866
2 22 313
1 402 41965683
2 92 429
2 182 301
2 17 327
1 135 886868433
1 159 916989932
1 265 459326214
1 340 886470474
2 119 222
2 201 246
1 227 215780360
1 211 562577458
1 119 702767537
2 193 316
1 190 18139830
1 193 814316378
1 135 681847621
2 31 33
1 129 947685166
1 426 221414034
1 338 157127980
1 47 518172904
1 107 601166551
1 423 540871084
2 22 218
1 418 726920758
1 398 8579605
1 430 838256984
2 354 358
1 285 478294980
2 72 130
1 256 629819614
1 182 659640628
2 53 192
2 307 397
1 131 617522259
2 101 150
1 402 449055750
1 367 215988118
2 128 242
2 26 195
1 196 884796470
2 93 430
1 35 497434881
1 39 349999546
2 8 55
1 143 95024784
1 228 188682059
1 105 444373287
1 398 957267282
1 149 506327133
1 242 543648115
1 279 439919485
1 368 796307791
1 41 6200470
2 4 17
1 163 365664399
1 93 103252364
2 111 354
1 312 37752838
2 224 416
2 16 277
1 258 218544073
2 91 127
1 326 399392660
1 342 364851599
2 137 283
2 140 389
2 143 278
2 146 324
1 326 663733592
2 67 79
1 46 573047284
1 172 181511259
1 231 261413637
2 103 211
1 439 43376836
1 435 30692575
2 195 318
2 203 251
2 98 103
1 262 46342006
2 25 43
1 59 461227037
2 65 391
1 189 626752890
1 1 937475242
2 237 367
2 351 398
2 75 430
2 59 319
2 87 89
1 9 546752264
1 289 520381568
1 287 405133119
1 224 305432281
2 10 40
2 58 381
2 133 268
2 146 424
1 436 378828787
2 36 140
2 54 103
1 54 714963825
1 209 694720714
2 33 124
1 96 19136759
2 26 98
1 300 627548176
2 24 53
1 325 769453665
1 20 460588470
2 62 118
1 287 29537430
2 34 166
2 111 177
1 62 921711052
2 47 67
2 138 190
1 171 853843969
1 223 918977365
1 129 42244117
2 34 345
2 85 203
2 88 218
1 297 338922958
1 368 383226726
2 118 157
1 179 30710208
2 85 94
2 268 346
1 8 950994806
1 404 725145582
2 64 327
2 90 154
1 429 333252528
1 262 866807880
2 54 58
2 126 274
2 8 215
1 245 379917807
2 177 217
1 227 882346723
1 161 38158954
2 25 35
1 369 860273791
1 421 202844232
2 76 279
2 335 380
1 129 993943440
1 11 7394982
1 279 691047643
1 173 234629187
1 434 238107055
2 123 133
1 3 350414857
2 82 430
2 59 387
1 44 577682886
1 363 4938658
1 356 764200493
2 30 167
2 378 427
1 19 839817034
2 87 281
2 32 65
2 136 218
1 419 37326147
2 18 117
1 110 278018445
1 398 18674194
2 210 429
1 155 453444018
1 180 802892324
1 68 523496204
1 184 32700935
1 402 338263956
1 356 495545850
1 81 313865211
2 289 320
1 94 827739434
2 118 316
2 124 254
2 83 144
1 178 676018356
2 92 162
1 11 918234387
2 2 115
2 7 329
2 48 50
2 228 377
2 2 316
1 340 115314447
2 27 144
1 143 31675272
2 186 211
2 2 70
2 300 381
2 20 212
2 43 123
1 366 880528831
1 237 877986808
1 168 908384942
2 3 68
2 159 296
2 24 309
2 114 390
1 331 224987210
1 98 962378793
2 47 302
1 291 56643712
2 202 296
1 31 576399346
2 22 23
2 118 199
2 18 20
1 359 534725321
2 192 368
2 228 386
2 162 343
2 142 238
2 18 53
1 13 485588637
1 36 77402280
1 234 448603898
1 305 630868761
2 345 401
1 85 324088907
2 150 294
2 163 307
2 117 148
2 270 331
1 82 795152419
1 118 361733834
2 151 362
1 323 454069654
2 96 188
1 318 126571856
1 219 612867607
2 172 198
1 281 953172782
2 20 185
1 142 699546015
2 99 297
1 152 108015851
1 50 635106029
2 69 92
1 288 433651488
2 70 304
2 182 333
1 365 809285850
2 58 267
1 195 605860269
2 375 396
1 349 393415137
2 3 7
1 433 981524492
1 393 440520028
2 141 185
2 16 45
1 138 164747569
1 12 835730742
1 80 237136258
1 83 311600184
1 139 273372704
2 21 31
1 85 530838560
1 185 899258292
1 421 230281800
1 21 284260337
1 58 953633045
2 77 81
1 385 374955073
2 44 255
2 29 367
1 77 561224212
2 154 246
2 120 201
2 38 103
1 147 127046801
1 275 72277467
2 3 14
1 255 387107672
1 117 82732637
2 35 377
2 7 47
2 358 358
2 201 361
1 187 221560153
1 51 86452057
1 366 593855049
1 431 908516699
1 155 571200451
1 215 819042563
1 147 963643218
1 245 130891471
1 158 466721716
1 127 354488865
2 256 297
2 19 39
1 375 110132623
2 84 245
2 18 29
2 57 119
1 18 711726605
1 400 112126710
2 160 164
1 400 743926370
1 305 74188184
1 343 180370819
1 374 42037429
2 10 12
2 95 110
1 425 557572505
1 410 164091787
1 247 786587444
2 47 337
1 340 4024643
1 119 487595220
1 429 617986610
1 382 334167223
2 45 106
2 144 149
2 34 131
2 67 306
1 436 215522094
1 380 319873673
1 163 873951044
2 202 434
2 103 140
2 221 292
1 170 332663874
2 249 341
1 5 453811186
1 362 65391803
2 77 94
1 172 927791282
1 315 48111880
1 304 55886861
2 75 240
2 74 380
1 375 727184380
2 12 37
2 24 224
1 315 954738180
2 7 141
1 181 873891522
2 227 254
2 1 48
1 317 167258599
1 252 488849616
2 147 226
1 300 59845870
1 131 753221167
1 226 117187593
1 367 540887033
2 122 327
2 325 364
2 247 323
1 306 24155849
1 261 540747497
2 131 270
2 32 70
1 118 790296557
1 239 186780247
1 255 457547315
1 189 406112810
2 1 17
2 1 37
1 178 610733565
2 16 153
2 175 372
2 16 17
1 273 850113938
1 375 45298796
1 361 352952964
1 298 255036638
1 314 625441339
2 54 60
1 142 521012296
2 151 181
1 273 191377667
1 342 517345242
1 355 574432889
1 50 968378125
1 98 668884895
1 27 216840231
2 55 263
2 149 338
1 317 693375270
1 53 778212303
2 410 429
1 113 7960041
2 55 274
2 27 142
1 203 915371261
2 22 255
1 27 539425183
2 4 16
2 13 62
2 49 250
1 359 236616820
1 199 382319334
1 28 874896301
1 170 416978010
1 214 201346904
1 24 433472300
1 2 368390834
1 17 484060197
2 55 100
2 136 272
2 99 104
2 40 54
1 160 30900681
2 333 343
1 181 330939002
2 196 402
2 46 127
1 329 479796045
2 26 43
2 31 236
1 18 631542356
2 141 293
1 292 421868741
1 242 624640365
1 291 931267529
1 249 962154199
2 331 424
2 215 310
2 13 265
2 133 298
2 49 267
2 56 66
1 429 984818148
2 23 50
1 173 657955653
2 19 51
2 38 273
2 54 134
2 304 324
1 386 143157189
1 208 557077712
2 120 165
1 276 9612925
1 326 251228072
1 90 706085285
2 4 4
2 101 283
2 34 48
1 85 133879819
2 145 239
1 196 100036363
2 41 366
2 14 185
2 271 431
1 197 363742126
2 30 37
1 90 768331946
1 189 802254737
2 346 423
2 57 81
2 39 123
1 178 237157533
1 362 108405374
2 16 71
2 10 17
2 49 52
1 435 992545407
2 48 133
2 106 140
2 49 283
1 240 189734350
1 220 772165744
2 90 171
1 8 122436498
2 46 65
1 128 47043008
1 406 957789470
1 146 508753049
2 413 428
1 175 292551329
2 164 344
1 20 364177006
1 242 88809309
2 33 173
1 415 165080512
1 290 920136808
1 227 79480245
2 180 399
2 142 164
2 16 18
1 141 493368681
2 234 304
1 170 138284082
2 92 421
2 10 11
2 19 174
1 429 787199424
1 384 215479575
1 103 780994500
2 13 122
2 1 194
2 48 269
2 69 364
1 441 144554719
1 60 396844973
2 105 368
2 30 33
1 78 472157899
2 202 232
2 1 1
2 280 404
1 152 136221256
2 87 121
1 378 93262327
1 90 940652767
2 321 412
2 5 30
1 124 364663936
1 407 139178409
2 75 200
2 39 68
1 86 21041476
2 132 247
1 216 498566523
2 59 92
1 374 8987263
1 403 778089571
2 235 313
1 146 514142549
1 398 330083646
1 21 18278529
1 168 426811347
2 49 53
1 389 812424457
1 88 796331362
1 66 889356848
2 36 150
1 373 223194105
2 78 183
2 23 131
1 71 752752758
1 434 885946478
2 38 52
1 10 211245258
1 219 931514312
2 22 208
2 29 254
1 424 672439694
1 214 16632351
2 3 6
2 14 350
2 111 270
1 22 638222933
2 146 178
1 103 82191614
1 311 635850254
2 93 103
1 89 40870499
2 79 88
1 205 946702913
1 110 18604380
2 266 349
1 56 359592060
2 50 159
1 175 350604576
2 8 10
2 378 410
1 252 519983540
1 339 490252913
1 235 489583187
1 126 591809918
1 83 549685861
2 265 291
1 304 562444551
2 81 117
2 211 334
1 306 465532641
2 165 227
1 5 259918221
2 17 326
2 72 286
2 349 356
2 45 73
1 241 889849830
2 15 295
1 247 14997846
1 220 490894724
2 76 259
2 191 437
2 64 66
2 55 426
2 22 75
2 59 302
2 8 178
1 128 38987773
2 26 31
2 253 437
1 406 205261512
1 399 968267579
1 72 792114966
2 81 84
2 65 425
2 158 166
1 213 220693341
2 138 365
2 90 106
2 67 94
2 88 300
1 211 844052552
1 136 382948718
1 271 290892743
1 251 865039797
2 20 114
1 169 557763968
2 29 132
1 247 831017975
2 40 54
2 24 97
2 5 102
2 20 112
1 7 590285370
2 304 433
2 164 406
2 22 22
2 286 347
2 28 405
2 265 331
1 95 411552596
2 14 21
2 99 240
1 265 854827023
1 253 112272168
1 266 530106623
1 339 179519350
2 5 117
2 13 385
2 104 114
1 256 59052019
1 328 645463174
2 48 79
1 378 144433147
1 317 730833426
1 243 61396998
2 7 18
2 140 293
1 289 253941994
1 403 783069735
2 173 206
1 90 337737670
1 220 435059314
2 18 224
1 431 538361002
1 221 396850304
1 238 259298295
1 139 272934120
2 238 431
2 273 291
2 148 342
2 170 205
1 226 208601251
2 149 368
2 122 222
2 229 444
2 7 20
2 183 221
2 263 274
1 123 918506463
1 20 821191059
2 18 230
1 226 477542731
2 163 382
1 370 281415755
2 222 235
1 441 652130506
1 217 43386151
1 98 547179506
1 372 269968917
1 110 994824117
1 392 813428981
2 58 93
2 113 186
2 306 388
2 140 268
2 313 376
2 2 2
2 247 311
1 65 162585703
1 2 36550794
2 86 108
1 370 657720953
2 15 116
1 107 537868308
2 26 233
1 357 304415842
1 410 314272688
2 55 145
1 283 740657268
1 108 756839238
2 111 165
1 43 225515752
2 39 351
1 370 4322229
1 158 971060144
2 141 274
2 25 29
1 23 100622734
1 186 712428992
1 243 481872463
2 29 110
2 162 235
2 1 284
2 21 156
1 81 503659970
2 45 93
1 434 411861852
2 153 401
2 33 173
1 229 375520715
1 391 289985712
2 168 187
1 72 984924680
1 228 90424468
2 41 188
2 136 270
1 77 318942862
1 33 178030535
2 128 275
2 397 435
1 242 103586422
1 36 457085203
1 404 255099805
2 235 316
1 70 442869455
2 107 242
1 240 632135634
1 95 471609692
2 48 201
2 3 261
1 412 502810177
2 433 443
2 17 21
1 18 746344578
1 8 540224447
2 17 280
1 258 537140286
2 102 168
2 202 235
2 67 115
1 198 448842453
2 16 60
2 234 411
2 119 329
1 372 548988649
2 238 391
2 141 155
1 167 908433926
2 78 256
2 198 329
1 364 83568325
1 423 497472125
2 46 142
2 37 393
1 403 662469417
2 25 100
2 166 283
1 268 790606103
1 131 854744981
2 68 444
1 44 859792864
2 10 122
1 221 762099504
2 190 213
1 437 322741767
1 144 447420008
1 426 507318187
1 313 744609293
1 169 441046625
1 168 550931715
2 67 123
2 12 79
1 388 722892285
2 44 388
2 114 200
1 137 731808651
2 136 141
2 121 422
2 11 134
2 273 368
1 112 106080366
1 242 258225243
1 254 406034815
2 69 176
1 56 912221346
2 330 332
2 55 105
2 112 356
2 17 31
1 356 451653206
1 241 681361160
2 146 165
1 54 737833685
2 18 125
2 67 87
2 142 311
1 138 26180958
1 49 499325784
2 3 175
2 112 309
2 25 40
2 335 377
1 393 490362104
2 4 11
2 1 307
2 26 214
2 153 250
1 402 963004093
2 169 170
1 49 424615228
1 140 936261301
1 73 558590762
1 140 549828854
2 70 163
2 38 93
1 329 701387692
2 63 223
1 247 481117536
2 269 317
2 160 349
1 123 905962005
2 37 98
2 88 122
1 149 648463479
1 241 6041973
2 135 213
1 186 897498307
1 261 9172247
1 133 679573076
2 179 250
1 238 402210044
1 387 527667509
1 116 749350667
1 263 557621619
1 115 857597629
1 327 717046611
2 31 157
1 119 574773945
2 202 287
2 80 80
1 183 177650780
2 132 371
2 165 441
1 4 749423493
1 140 302789165
1 70 732136329
2 330 376
2 236 237
1 244 249483514
1 324 351629127
2 194 221
2 1 16
2 165 301
1 18 309088526
2 35 84
1 191 272018341
1 123 896043064
2 2 123
2 251 361
1 46 120887089
2 203 304
1 334 279849561
1 243 223907273
2 76 157
2 67 128
2 141 238
2 342 418
2 37 40
2 9 11
1 394 126019581
1 253 996907303
1 330 158110127
2 173 271
2 9 53
1 69 373203496
2 29 421
2 96 344
2 35 390
2 78 349
2 73 188
1 87 255023792
2 175 274
1 28 23101513
2 275 411
1 427 499121283
1 11 634181326
2 318 420
1 299 982029007
1 204 316863266
1 391 761249217
2 80 346
2 167 219
1 419 398765197
2 5 16
1 400 572184408
1 261 391316728
1 236 801622365
2 36 194
1 27 929955636
2 152 227
2 169 202
1 427 707305079
1 63 102556081
1 130 196354086
2 107 110
1 64 826801216
1 16 382063308
1 209 786640478
2 291 298
1 11 262404833
2 174 426
2 6 140
2 99 300
2 32 434
1 170 115689369
1 289 832452691
2 111 150
1 54 644327860
2 16 43
2 116 169
2 208 210
1 75 518223887
2 18 194
2 13 43
2 7 21
1 286 875418939
1 435 810130732
1 430 480617585
2 67 178
2 9 11
2 373 402
1 29 511453980
1 223 168247755
2 7 153
1 286 35071086
2 20 64
1 356 231005926
2 332 417
1 269 138525776
1 331 733906118
2 44 89
2 3 80
2 17 196
2 149 242
1 186 17435634
2 18 21
1 131 442784233
2 15 56
1 374 203292525
1 407 139090117
1 104 601391590
2 53 277
2 105 385
1 279 1789758
1 144 501050868
1 216 902465539
1 233 933969062
1 340 110724871
1 80 208317848
1 369 110616856
1 174 357396699
2 23 52
2 207 380
2 28 52
2 4 160
2 2 10
1 391 995895549
1 98 556706569
1 413 30790780
2 64 352
2 140 286
2 118 376
2 151 255
2 100 120
1 307 715344092
2 126 159
2 244 321
2 29 272
1 16 638469342
1 367 378834991
1 261 663469529
2 36 124
1 2 452830137
1 174 417972324
2 41 54
1 203 788004732
1 131 301444063
1 402 317784268
1 75 947750219
1 222 104692465
1 270 751744215
1 393 393785815
2 148 275
2 168 260
1 409 900934999
1 320 260342389
1 350 859431115
1 54 399129429
1 24 583627548
1 228 296232602
2 21 34
1 97 516694763
1 371 310148646
1 186 374444915
2 90 205
1 177 109932675
2 210 375
2 90 222
1 71 324769982
2 28 60
1 66 356004236
1 40 545873036
1 197 401841573
2 299 317
1 300 298605993
1 19 453387765
2 109 132
1 222 94771309
2 317 379
1 411 156912312
2 107 221
1 181 129249063
2 53 94
1 34 441969475
2 92 309
1 146 906560448
1 277 791329683
2 112 217
1 48 103580810
2 2 10
2 206 222
1 366 638664142
1 67 111066694
2 103 438
1 314 812516161
2 67 175
1 419 642407044
1 191 765315545
2 288 375
2 122 252
1 355 140544075
2 6 323
1 333 742897092
2 359 413
2 33 179
1 265 326520746
1 188 582596250
1 148 572948018
1 130 97380064
1 382 61526501
2 162 177
2 227 240
1 302 605582760
2 98 223
1 56 342920903
1 257 838274423
1 130 103349512
2 169 314
1 94 756441315
2 117 171
1 78 762615248
1 317 242511291
1 97 323728041
2 359 364
1 205 695096997
2 7 195
2 10 249
1 12 23945410
1 414 526731286
1 192 284296311
2 85 178
2 149 376
2 90 92
2 103 161
1 97 611595403
1 291 987300936
2 99 261
2 150 203
2 236 251
1 348 965165765
1 133 859298397
1 64 644273594
2 139 395
1 367 479073265
1 29 845209001
2 65 329
2 26 173
1 154 950813118
2 17 103
1 353 901190866
2 221 280
2 166 360
1 200 604920105
1 292 799074975
1 400 825602282
1 337 232115373
2 149 242
1 222 956838226
2 349 438
1 2 63759706
1 281 207990713
1 196 978152184
2 73 166
2 275 334
1 380 32298256
1 100 201537018
1 394 285057223
1 415 599957435
2 64 128
2 9 52
1 177 820528593
1 432 78481565
1 153 559712895
1 42 727377192
1 125 913064072
1 326 667015240
2 60 244
1 158 171040024
2 27 58
1 389 207935059
2 105 402
2 361 436
2 223 274
2 206 264
2 176 205
2 19 133
2 109 160
1 80 389048861
1 137 16422912
1 392 482139298
1 349 407506781
1 392 516073
2 10 360
2 150 223
2 29 128
1 429 771650898
1 197 157387569
1 437 655984875
1 232 719916603
1 41 268939536
2 6 24
2 62 353
2 13 22
1 235 7625341
1 415 464433662
2 12 328
2 148 199
2 311 409
2 173 255
1 68 487388746
2 155 323
1 51 752793825
2 6 198
2 233 408
2 214 266
2 33 81
1 16 479463493
2 244 320
2 179 360
2 62 238
1 62 253163185
1 374 776807945
2 21 166
1 90 15956115
1 408 400313307
1 44 503938036
2 70 281
1 296 898879424
2 110 321
2 40 146
1 213 817090462
1 129 92013241
2 113 262
1 381 241507942
2 9 111
1 155 751717717
1 43 271791404
2 10 206
1 227 572157467
1 372 107459903
1 18 36031581
1 194 205627829
1 11 516526119
1 88 143339859
2 50 56
2 278 289
2 168 173
2 82 424
2 86 135
2 107 107
1 419 789747375
2 261 375
1 74 817515240
1 304 121793314
1 359 63834421
2 61 143
2 103 394
2 15 296
2 47 103
2 63 84
2 6 96
2 54 126
1 331 847803304
2 116 241
1 265 753436533
2 169 346
2 5 13
1 312 547615309
1 414 433163606
1 105 687968523
1 200 124522666
2 132 367
2 85 216
2 2 85
2 281 310
1 354 989988633
1 367 351802902
1 283 992370286
2 104 144
1 162 876419822
1 363 684194967
1 337 242984676
1 108 540349385
1 245 393804333
1 110 630175536
1 218 460781064
1 327 77056431
1 421 750118025
1 120 61193279
2 16 141
1 80 633453100
1 147 612259390
1 200 914943076
1 228 94340167
1 347 410581233
2 167 192
1 49 644018240
1 53 540428286
1 363 558980958
1 112 280323509
2 154 165
1 4 134904591
1 435 466490697
2 87 283
1 426 341063973
2 93 412
2 20 108
2 54 183
2 11 233
1 98 385078991
2 88 354
2 96 332
1 212 374249441
1 51 706617560
2 72 155
1 115 602732932
1 274 257436783
2 18 122
2 125 425
1 255 268744575
2 93 144
1 104 212799755
2 6 9
1 164 190186746
1 370 716838051
2 142 345
2 340 367
1 288 531346520
1 268 788138661
1 131 86214795
1 274 558414782
1 205 449679434
1 213 894913341
2 339 387
1 104 205643100
2 201 271
2 50 204
2 3 18
1 349 93702328
1 387 755630586
1 364 747545559
2 204 283
2 61 91
1 124 368875991
2 120 153
2 180 269
1 316 138665940
1 333 40040694
1 125 22329570
2 84 226
2 108 156
2 287 360
2 167 375
1 271 260299043
2 197 441
2 342 434
2 7 38
1 148 829595696
1 234 11947727
1 15 510480830
1 223 116442503
2 154 164
2 306 414
1 279 173339272
1 327 352211937
2 20 120
1 405 473683307
2 1 13
1 267 500716839
2 156 226
1 366 750329958
1 86 814840361
2 140 163
1 114 111726889
1 334 131202841
1 9 22140377
2 83 91
1 203 997370312
1 37 965402049
1 314 994420802
2 99 418
1 364 836551288
2 60 67
2 104 354
1 422 876932382
2 139 189
2 121 218
2 68 260
2 266 378
1 250 148532970
2 61 65
1 175 829247042
2 25 35
1 254 953422015
2 3 23
1 184 813293881
1 401 170403218
1 269 223579374
2 98 151
2 154 161
1 192 978574761
1 421 960374871
1 64 116403608
2 246 406
1 32 303084377
2 75 213
1 86 446348879
2 6 77
2 1 35
1 234 832066960
2 152 262
2 46 382
2 67 233
1 392 620255440
2 28 40
2 28 40
1 207 30177570
2 62 361
2 337 428
1 392 697622265
2 17 204
1 199 446200307
2 82 179
2 19 21
1 61 448172917
2 128 304
1 322 28249586
1 290 282136754
2 20 75
2 76 109
2 417 428
2 144 184
2 56 79
2 2 352
1 74 87942096
2 103 223
1 295 568067378
2 6 10
2 270 341
1 199 659934557
2 38 408
2 7 35
1 444 847289501
2 20 168
2 26 53
1 414 902821658
2 13 198
2 4 276
1 333 855622439
2 5 107
2 108 148
2 154 237
1 54 24341690
2 3 3
1 274 147590518
2 3 87
1 128 727201912
1 11 169646239
2 82 121
2 95 112
2 196 302
1 359 93323309
1 192 345993397
2 66 132
1 280 926204023
2 118 144
2 61 214
2 149 266
2 120 413
1 206 729690029
1 115 190940608
1 395 285432087
1 131 79867839
2 79 100
1 357 620874523
2 206 210
1 269 343371728
1 142 346929637
1 110 269960440
1 114 115570224
1 298 74675431
1 376 373737347
2 129 257
2 25 246
2 3 88
2 215 262
1 260 309654052
1 4 99293799
2 143 395
2 17 26
1 373 24345046
2 67 360
1 251 141495341
2 43 57
1 191 995151470
1 8 505619076
1 24 480015508
2 232 297
1 440 224022594
2 143 437
2 28 310
2 1 35
2 50 188
2 48 333
1 384 110290999
1 363 685001056
1 418 289542232
2 30 32
1 112 112646410
2 40 199
1 21 299281118
2 144 237
1 347 916397454
1 235 208533861
2 267 379
1 261 567227824
1 436 348470492
1 23 508045471
2 78 171
1 163 621013454
1 417 946647766
1 209 704043596
2 43 118
2 281 438
1 118 863630696
2 85 380
2 19 43
1 346 110360095
2 20 80
2 127 201
2 26 85
2 307 433
1 87 585512901
1 133 226933582
1 376 585245054
2 13 47
2 61 136
1 135 377881009
2 27 32
1 23 779076347
2 47 92
2 135 398
1 147 572358144
1 165 40274964
1 382 8060878
2 171 178
1 172 132007113
1 48 56382100
2 92 223
2 333 370
2 188 225
2 362 430
2 117 160
1 392 969441948
1 117 904500453
2 26 64
2 101 358
2 62 221
1 244 507688910
2 71 429
2 179 322
2 114 321
1 249 249280654
1 329 299986406
2 97 142
1 80 49018016
2 279 337
2 246 258
1 91 913140395
1 127 697851554
1 4 103650225
2 265 333
1 57 956684917
2 5 10
2 6 125
2 177 357
1 416 954770927
2 91 210
1 63 386914707
1 388 791646999
1 309 436373831
2 341 396
1 89 698110711
2 34 110
2 197 249
1 239 102208256
2 57 298
1 155 893002230
1 105 952503814
2 3 5
1 125 756626093
1 77 159500953
1 427 17478463
2 224 306
1 392 819216971
1 11 581931864
2 3 219
2 292 305
2 78 175
2 19 160
2 87 89
1 67 870395281
1 302 825730978
1 215 200865651
2 65 329
1 97 895304178
1 367 895157333
2 3 4
1 9 783161386
1 169 927581971
1 257 694577731
1 189 373038847
2 95 367
1 160 912102885
1 45 740384950
2 86 86
2 218 328
2 7 41
2 66 403
1 337 20304967
1 171 146550685
1 429 46457586
1 403 879526621
1 23 515752605
2 126 431
2 225 263
1 340 74899490
2 12 92
1 443 88367983
2 48 407
2 36 267
2 39 43
2 19 400
2 401 422
2 123 159
1 67 21518229
1 309 31776099
2 128 291
2 140 315
2 253 356
2 331 342
1 158 961069909
1 165 743862357
1 142 87380754
1 352 461277042
2 216 324
2 401 435
2 25 48
1 235 704525365
1 146 290928752
1 95 154951364
1 200 295660236
2 72 283
2 60 375
1 382 336145914
1 262 57202629
2 82 226
2 295 368
2 88 124
2 117 158
2 302 432
2 268 429
1 296 53603590
2 62 64
1 119 752966462
2 75 208
1 5 763743782
2 99 393
1 103 543705893
2 51 126
2 24 85
2 112 139
1 30 326939843
2 10 303
1 326 105861515
2 106 324
2 131 147
2 163 324
1 351 948989912
2 4 151
2 219 421
1 359 433294228
1 358 95642104
2 1 79
2 47 147
1 73 784245134
2 111 352
2 22 269
1 114 921936470
1 317 49752577
1 345 86743136
2 60 354
2 71 412
1 325 868079439
2 303 338
1 21 4010711
2 152 364
2 168 212
2 43 98
2 235 334
2 42 159
2 102 152
1 13 439236879
1 120 840925608
1 13 281104351
1 71 13118272
1 435 642165889
2 134 152
2 49 142
2 99 245
1 6 277291428
2 49 95
1 268 327421349
2 242 297
1 373 855668517
1 332 571384575
2 4 42
2 199 367
1 205 904707380
1 5 905607126
2 148 404
2 119 141
2 46 316
1 202 440590967
1 354 923881885
2 327 395
1 89 583906012
1 64 817617551
2 11 279
2 11 33
2 51 131
1 232 810147002
2 392 441
1 265 280869536
2 21 124
1 291 56049493
2 243 402
1 277 616544346
2 4 9
2 132 152
2 118 299
2 70 277
1 112 768856324
1 295 38592452
1 418 314659941
1 71 452727307
2 176 216
2 29 34
2 373 411
1 20 603021827
1 318 163523662
2 201 227
1 93 483463388
2 52 154
2 36 289
1 298 849677235
1 69 156156712
2 11 23
2 21 127
2 59 393
1 196 82974575
2 304 363
1 366 526412209
1 127 815340998
2 101 345
1 394 21230361
2 153 284
1 272 178764757
1 398 68874759
1 346 270974824
2 275 345
1 335 85567838
1 371 507044009
2 28 275
1 144 103386897
1 200 189055061
2 75 351
1 184 779889461
2 17 117
1 341 962476117
2 1 176
2 8 155
2 52 163
2 93 145
1 393 330032165
2 39 43
2 80 175
2 69 111
1 348 174286354
2 84 138
1 132 888779967
1 338 555621433
1 56 177211472
1 252 574929590
2 6 70
2 125 358
1 381 173374513
2 93 194
1 416 215004063
2 89 144
2 31 66
1 15 710200709
2 1 13
1 356 923111772
1 425 100197643
2 22 134
2 35 359
2 14 18
2 131 353
1 121 191413430
1 187 968987663
2 27 167
2 103 332
2 197 213
1 280 135876553
2 142 248
1 328 39134022
1 397 446570171
2 281 391
1 7 112832617
1 293 40304436
1 16 477526069
1 399 537668004
2 45 54
1 171 780760434
1 419 512822707
2 232 390
1 134 582715442
1 80 681078805
2 9 257
2 5 9
2 332 392
1 419 115448344
2 26 295
2 18 192
1 152 59629952
1 97 956749133
2 213 305
1 174 652607409
1 38 455264450
1 47 944908933
2 55 85
1 397 739292303
1 248 182077556
1 47 696401972
2 112 438
1 246 773480190
2 115 117
1 50 866209897
1 332 119084093
2 63 425
2 68 356
1 363 969520286
2 307 335
1 413 437393423
1 14 600014280
2 251 296
1 71 605967441
2 124 344
1 392 494525380
2 4 273
2 102 133
1 2 82702805
1 336 921505518
1 34 743441694
1 425 88529796
1 276 868916127
1 233 41349819
2 356 392
1 251 514121595
2 159 400
2 176 349
2 50 162
1 401 32994028
2 7 16
1 362 571265493
1 105 294267927
2 210 327
2 39 66
1 101 206637220
1 108 374901902
2 46 327
2 58 92
1 117 256990106
2 5 115
2 260 353
1 167 291617491
1 49 32559629
2 259 326
2 1 7
2 20 41
1 122 493043166
1 213 283974642
2 175 444
1 289 784675815
1 250 11909076
1 428 177579931
1 368 150604505
1 250 972332618
1 308 4184929
1 348 55250328
1 214 605409407
2 115 333
1 166 46551425
1 273 663643909
1 48 32153297
2 354 369
2 15 35
1 416 9419481
2 135 230
1 52 465185956
1 30 82108312
2 277 294
2 47 296
1 427 11252652
1 407 274829772
1 331 81454050
2 102 387
2 221 275
2 54 413
2 155 413
1 269 255128149
1 118 14146318
1 413 48263613
1 440 764830386
1 147 653555154
1 176 873830642
1 118 455753132
1 1 697410775
1 413 128685246
1 433 48728769
1 410 70340728
1 111 946414176
2 290 402
2 43 254
1 374 373790864
2 16 432
1 3 903740298
1 109 25387176
1 391 628946426
1 323 476986558
1 350 739726231
2 190 195
1 118 882386985
2 21 282
2 175 187
1 105 891596918
2 410 412
2 341 364
1 299 825917460
1 40 361127688
1 70 497634841
1 265 195599770
1 349 469168794
1 238 366605525
1 424 505256700
1 217 538677473
1 237 45731188
1 208 777138274
1 132 135342208
1 419 249028236
1 171 19441478
2 29 106
2 350 375
2 289 317
2 165 289
1 366 602720891
2 28 78
2 35 202
1 258 64381398
2 5 61
1 206 9927379
1 364 280097262
1 294 199413610
1 218 945230701
1 62 30800658
2 142 247
2 66 108
1 327 576837457
1 112 179023861
2 25 57
2 52 75
1 128 10239123
2 113 404
1 169 214687026
2 239 334
2 134 363
2 52 418
1 100 55434646
1 216 135534644
2 59 79
2 110 390
1 269 400086139
2 34 114
2 35 59
1 38 220362192
1 400 409563855
1 426 81160858
2 35 274
1 375 681986660
2 101 106
2 173 275
1 129 63939201
1 242 994045555
2 136 440
2 86 342
1 230 778571878
1 108 522789090
2 3 25
2 87 191
2 162 181
1 84 212515210
1 340 391409900
1 210 734143855
2 34 44
2 155 222
1 385 597920140
2 118 162
1 419 943798733
2 43 131
2 125 322
1 54 299247974
2 182 336
1 44 371955394
1 139 331934358
2 64 213
2 19 143
2 211 250
2 1 21
2 56 172
2 21 27
1 283 831846515
2 262 274
1 60 672693052
2 5 160
1 393 591974649
2 43 429
1 340 198725760
2 148 393
1 191 775691496
2 21 28
2 187 376
2 180 333
2 216 268
1 255 232972869
1 80 882322593
1 116 705634593
1 355 153345359
2 132 178
2 101 198
2 176 441
1 441 118919681
1 330 592029050
1 153 97394913
2 86 87
2 184 341
1 234 523077047
2 17 155
1 322 485390511
2 29 418
2 72 83
2 6 17
2 343 354
1 82 138367698
1 168 872899989
2 65 126
1 319 336427027
2 6 14
1 136 129660356
2 48 245
1 243 22377817
2 30 34
1 221 734263847
1 202 958225470
2 350 444
2 190 239
2 95 111
2 163 268
1 86 558417925
2 217 354
2 247 266
1 300 408184981
2 59 223
2 109 162
1 295 201822541
2 17 28
2 208 383
1 75 974305
1 251 986556439
2 24 429
2 44 94
2 19 54
1 217 21664469
1 430 139653128
1 271 921645208
1 298 798089753
2 84 93
1 405 837998853
1 439 939667455
2 255 298
2 21 80
1 178 281960995
1 111 433250234
2 32 70
1 82 70555000
1 330 592915577
1 30 849846602
1 386 428294538
1 4 187063100
1 354 832053861
2 35 78
2 36 49
1 248 647242729
1 317 261352402
1 277 444131209
2 119 377
1 158 995065539
1 27 241415397
2 173 187
2 31 92
1 84 169427599
1 184 661189738
1 301 16701382
1 206 405110649
1 434 671103369
1 419 883808398
1 405 546348192
2 214 336
2 6 134
2 79 379
2 1 141
1 130 246482599
1 8 10736103
1 336 695439539
2 152 372
2 1 4
2 100 109
2 42 422
1 9 79761418
1 439 127613951
1 187 275072674
2 53 376
1 195 905259362
2 6 144
1 405 842092860
2 318 325
2 316 436
2 15 63
1 27 359614176
1 53 82602472
1 238 457007546
1 169 357289701
1 83 444638674
1 278 883239493
2 233 256
2 162 425
2 25 47
1 59 623472000
2 18 20
2 49 56
2 22 86
1 51 592887710
2 106 254
2 244 400
1 175 140498052
2 55 327
2 42 90
2 155 369
2 220 356
1 135 692723450
1 220 208800307
2 25 58
2 58 189
1 337 230565214
1 80 44061948
1 407 858314883
2 22 63
1 28 399563930
1 436 106716735
2 43 205
2 8 43
1 172 713830258
1 412 264010504
2 1 4
1 85 367678436
2 5 299
2 105 152
2 213 311
1 204 40413577
2 3 279
2 16 214
1 136 15761421
2 25 259
2 67 87
2 173 199
2 108 442
1 123 137823960
1 41 601781625
1 126 104869645
2 1 1
2 277 400
1 253 662087106
2 204 372
2 62 189
2 24 34
1 61 250625368
2 4 204
2 32 84
1 109 912835362
2 365 396
1 168 451508017
1 246 466842579
2 63 381
1 413 799119748
2 29 93
1 409 452059731
1 220 40081300
1 304 355753388
2 1 4
2 13 21
2 173 441
2 26 249
1 323 786830854
1 434 872448938
1 135 210729699
2 70 199
1 297 971798048
2 32 304
1 71 69252235
2 11 83
1 87 984862970
1 387 71281201
1 357 947765597
1 114 171997065
2 167 289
2 66 123
1 378 2853561
1 237 805180558
2 366 415
2 150 248
2 47 276
2 136 136
2 168 278
2 75 350
2 13 20
2 44 267
2 1 3
2 85 87
2 9 238
1 254 927961627
2 241 274
1 273 11007371
2 209 227
1 116 53740898
1 135 246336135
2 77 104
2 24 108
1 150 684833133
1 388 848713366
1 402 574444087
2 112 320
2 154 216
2 276 295
2 160 418
1 304 894313276
1 408 57300427
1 71 908320933
2 37 89
2 2 273
1 194 572998943
2 32 174
1 389 922635077
1 292 562184453
2 365 366
1 76 677518450
1 359 472762656
2 129 146
2 195 300
2 87 211
1 337 877460229
1 66 732691176
2 7 363
2 30 183
1 95 118463762
1 16 991136575
1 71 559803667
1 217 64944422
1 124 520109991
1 334 462649858
1 398 593793740
1 273 635469372
2 80 165
1 425 416518031
1 379 468830699
1 193 114287724
1 223 952235084
1 40 39973206
1 158 285823022
2 55 148
1 86 385713332
2 222 384
1 62 857861733
1 80 94163683
2 30 435
2 26 134
2 261 292
2 118 128
1 375 753070689
2 366 408
2 61 81
1 388 415846886
2 16 100
2 32 241
1 101 898895122
1 286 74866305
2 17 324
2 6 9
1 100 504758521
1 64 585243502
2 154 393
2 351 369
1 53 686481519
2 9 230
2 114 296
2 26 161
1 217 186693506
1 277 539029404
2 55 78
2 128 335
1 222 467991424
2 196 274
2 142 214
2 231 270
2 7 95
1 289 82252076
2 186 230
2 49 180
2 37 49
2 57 70
1 100 123778250
2 2 41
2 27 325
1 72 880905984
2 370 400
2 5 8
2 110 346
1 149 599952843
2 27 57
2 131 162
2 3 45
1 173 912855712
2 3 5
2 56 250
1 327 412524611
2 23 36
2 26 85
1 350 55235791
1 406 150057182
1 176 905406271
1 220 919334348
1 367 659832837
1 372 250063670
1 229 259578381
2 20 139
1 250 672026354
1 386 873203297
2 219 273
1 302 652421577
1 160 941337385
2 308 324
1 256 17196514
1 181 587648120
2 55 142
2 182 187
2 1 115
1 180 710465141
2 134 194
2 80 257
1 428 547263685
2 47 192
1 420 131346014
2 189 270
2 138 250
2 2 65
2 85 95
1 138 712312073
2 25 97
1 195 400748412
2 39 48
2 57 359
2 5 94
2 43 83
2 19 305
2 44 206
2 102 134
2 5 36
1 225 391369742
2 148 362
2 135 318
1 133 417032969
2 214 214
1 361 786499971
1 221 450520271
2 226 306
1 167 378039323
1 203 622551044
1 372 276125763
1 341 266899440
2 46 243
2 173 229
2 60 97
2 40 271
2 81 81
2 81 324
1 267 483955788
2 135 280
2 9 16
1 420 538601612
1 270 883025087
1 55 416253564
2 31 50
1 29 506579997
1 109 577892896
2 181 315
1 267 40894411
1 155 280507478
1 222 107821679
1 198 619239459
2 200 204
2 72 74
2 59 73
2 9 24
2 92 124
2 33 59
1 240 523911195
1 226 793358318
1 332 379477766
1 95 558395303
2 166 362
1 423 24933163
2 79 210
2 126 167
2 173 204
1 20 386801049
2 59 141
2 47 252
1 405 561386456
2 113 114
2 3 13
1 139 507840312
1 348 841426405
2 29 99
1 274 422586952
2 133 353
1 371 106764710
2 130 215
1 354 537047213
1 75 708561163
1 88 506170262
2 59 239
2 10 13
2 79 282
2 170 337
1 161 783691268
1 350 717326570
2 75 77
1 193 590478863
2 3 25
1 9 213172613
2 111 325
2 5 10
2 31 43
1 145 669138278
1 444 514566487
1 333 327897
2 95 250
2 88 281
1 360 570861728
1 249 54459770
1 181 900901635
1 190 618027634
2 69 372
2 78 146
2 208 224
1 381 167571050
1 238 490758289
1 126 854150457
2 170 409
2 10 91
2 26 278
2 125 318
1 322 209148089
1 75 172890432
1 350 469987399
2 44 101
2 8 343
2 72 158
1 208 611655647
2 398 424
1 131 120030025
2 11 54
2 37 397
2 181 187
2 1 119
2 258 375
2 102 174
1 227 266342987
2 424 426
1 173 593297813
1 126 753065899
1 231 348599010
1 235 850441132
2 4 211
2 40 124
2 21 335
1 356 979172917
1 174 149860189
1 155 896549185
2 125 159
1 74 196216179
2 30 46
2 379 384
1 437 418536995
2 2 14
1 59 73573224
1 239 238895544
2 53 334
1 231 308604747
2 34 68
1 256 462363874
2 146 177
1 293 509659271
1 407 531417543
1 421 786713016
1 12 468254296
1 187 25791554
1 77 228126835
1 403 194119478
2 188 435
1 60 505488603
2 220 388
1 394 21014893
1 220 122255319
1 343 659322862
1 363 92295052
2 36 40
1 363 773686078
1 376 3654370
1 366 390479213
2 6 25
1 291 398182249
1 51 140514833
2 295 325
2 375 403
2 12 66
2 178 235
2 70 147
2 118 187
1 40 135745637
2 129 209
1 4 168855703
1 212 581560949
2 33 405
1 103 311108792
1 220 798598297
2 10 37
2 305 328
1 395 113029617
1 136 25907801
2 168 294
2 302 310
1 327 65901040
1 339 526709293
2 175 243
2 25 39
1 110 283249052
1 437 530714169
1 85 554430299
1 317 505535460
2 86 423
1 83 277160246
1 255 1606449
1 339 498427711
1 190 370038840
2 28 128
1 368 170399210
1 168 157014158
1 119 393720138
2 10 125
2 184 354
2 55 91
2 47 225
2 264 293
1 271 759944327
2 92 374
1 400 65353206
2 253 320
2 130 223
2 11 158
1 400 275057625
2 32 146
1 374 392188666
2 276 327
1 84 134031631
2 245 400
1 135 78217157
2 122 204
1 284 629529075
1 49 577156812
1 118 947283410
2 15 52
2 180 238
1 163 40411194
1 13 646788140
2 49 53
1 309 646352868
1 68 733831569
2 67 183
2 161 375
2 29 221
1 91 233449059
2 24 26
1 417 534867946
1 157 21797572
2 303 350
2 132 260
2 105 304
1 387 535664593
1 370 70907478
1 146 112746252
2 242 326
2 150 411
1 203 481386744
2 16 310
2 166 405
2 6 24
2 177 395
2 10 442
2 19 398
1 294 24248420
1 228 737188989
2 14 60
1 81 45143447
1 443 88804902
2 81 109
1 427 763874152
2 260 263
1 426 571290742
2 216 276
2 23 34
2 424 434
1 427 97530870
2 137 246
1 22 777597152
1 182 826484583
1 418 455961225
1 288 804584193
2 63 125
1 273 303837642
2 79 293
1 296 309784386
2 73 230
2 274 284
1 5 346147198
2 97 210
2 400 404
1 176 970156121
2 32 298
1 25 830313236
1 369 219711018
1 347 281432482
2 44 425
2 13 22
1 100 465689132
1 309 136393156
1 269 978762245
2 13 259
1 362 519224348
2 23 95
2 22 257
1 271 813823473
1 303 877558156
2 78 307
1 220 15643451
2 151 195
1 219 701416946
1 85 937381151
1 289 774462812
2 100 367
2 53 375
2 224 359
2 46 297
1 414 59774034
1 192 114647806
2 49 258
1 112 78911374
1 26 245875946
2 5 6
2 177 415
2 2 4
2 37 335
1 184 265149189
2 48 65
1 171 21233365
2 256 284
2 63 70
1 358 104117407
1 415 685848348
1 437 12392573
2 180 228
1 383 785397317
2 135 178
1 103 563834901
2 1 1
2 186 388
1 180 625416062
1 306 679366882
2 93 108
2 77 251
2 408 436
1 220 187870315
1 397 339534100
1 305 714613873
1 305 77916370
1 249 396605749
1 182 669897943
2 89 281
1 271 235548008
1 77 96563945
1 120 925987218
2 84 150
1 22 464601869
2 64 373
2 91 188
1 111 328024696
1 341 181254030
2 1 3
2 120 341
2 241 363
2 91 269
2 80 390
1 222 632052491
2 7 188
1 442 466953861
1 269 506649355
1 343 430196969
1 345 863012764
1 242 336979974
2 16 213
1 37 48593397
1 426 927125320
1 320 844875476
2 27 154
2 144 156
1 78 60012393
2 169 271
2 168 306
2 159 176
1 256 319530438
1 348 883043982
1 439 591794451
2 11 217
2 243 372
2 165 338
1 403 762207832
1 229 125815203
1 142 760930968
2 202 298
1 103 73868508
2 46 318
1 346 989353596
1 170 300511504
2 275 403
1 43 580443580
1 342 962237617
1 429 735895195
1 200 331613283
1 53 612404644
2 233 360
2 59 255
1 310 930116005
1 181 617856865
2 60 95
1 350 514632319
1 278 953840593
1 156 514906233
1 50 354495685
2 2 335
1 345 842996442
1 156 491737487
2 56 104
1 157 11174094
1 303 29681021
1 213 416169694
1 209 659494936
2 1 76
2 29 44
1 8 324826224
2 1 92
1 280 86224384
2 191 225
1 160 630135572
1 224 674396226
1 281 133389035
1 425 440073929
1 56 704172172
1 152 366611663
2 115 396
1 114 788726173
1 365 781087791
2 269 396
2 37 117
1 106 87053845
1 160 337347420
1 380 274294586
1 259 851735937
1 346 289610407
2 1 42
2 29 280
1 248 184499287
1 199 666064600
1 315 421605656
1 412 462296546
2 31 152
1 332 756856939
2 66 437
2 254 259
1 36 809444036
1 368 771981035
2 137 179
1 277 757801979
1 72 489086352
2 154 236
1 189 614981881
1 75 817378297
2 8 164
2 287 425
2 118 144
1 340 880320282
2 25 189
1 385 747516379
2 220 240
1 267 149511651
2 156 405
1 179 561323069
1 394 662398160
2 120 123
2 174 404
1 439 721583357
2 16 176
2 239 361
1 393 533728338
2 39 74
1 51 575222180
1 227 539268150
2 5 66
1 341 791320122
1 301 756584215
2 49 209
1 412 271866890
2 40 422
1 261 501360558
2 21 229
2 6 23
1 211 488419652
1 328 857391635
1 117 838610539
2 101 134
2 140 233
2 138 379
1 378 36576428
1 295 809293311
1 131 239062210
1 154 327911127
2 37 51
2 5 14
2 163 194
2 156 219
1 443 322548000
1 377 680428929
1 249 641122242
2 101 242
2 104 182
1 422 108278233
2 1 88
2 334 374
2 18 151
2 38 44
2 45 48
2 139 423
2 65 309
2 161 181
2 283 346
1 117 349318914
1 257 790345503
1 186 441606356
2 24 263
2 172 199
1 35 817969112
2 60 95
1 373 801132398
1 161 39846594
2 243 399
2 12 100
1 279 13497154
1 238 587041292
2 272 379
1 307 486801664
1 258 760893483
1 352 70063890
1 181 947258166
2 18 128
2 5 257
2 46 46
2 333 396
2 166 166
1 338 816958397
1 69 387180111
1 259 773288664
2 4 82
1 205 633390921
2 92 236
1 196 779501847
1 294 858624765
2 21 230
2 284 377
1 191 551615313
2 24 26
1 425 755617280
1 62 66553084
1 282 763811418
1 125 501041033
1 196 318088522
2 68 118
1 393 438517842
2 19 297
2 45 88
2 22 215
1 366 527507095
1 181 672161802
1 226 91731596
2 99 350
1 396 41054900
2 57 62
1 142 930050712
1 439 488138387
1 134 614555236
1 348 273743304
1 419 705399052
2 83 249
2 14 179
1 152 10051270
1 312 771041298
2 10 29
1 340 987826183
2 47 137
2 75 319
1 245 329110970
1 233 26644546
1 89 89888687
2 267 348
2 188 254
1 206 665678283
2 92 338
2 5 6
2 61 312
2 145 167
1 201 435791868
2 42 204
2 88 174
2 142 199
2 18 78
1 130 157008608
2 6 6
2 192 327
2 96 152
2 38 383
1 374 190842172
1 185 341467181
2 20 170
1 164 982514887
1 241 570701478
1 400 113999376
2 69 212
1 340 266543077
2 39 178
1 38 93775235
1 353 798805772
2 93 124
2 320 394
1 60 264933758
2 50 57
2 154 155
2 245 330
2 76 85
1 180 616980152
2 1 250
1 438 79604011
1 169 983642272
1 170 344304970
2 76 84
1 124 670013250
1 278 493937199
2 39 172
1 299 65058934
1 270 525033942
1 76 615207277
1 378 75242249
2 8 53
2 24 265
2 152 210
1 239 571903182
2 41 190
1 41 930028778
1 374 544543980
2 271 292
1 28 873630744
2 160 210
1 33 489956101
2 412 441
1 115 811946966
2 246 410
2 142 329
1 27 16870409
1 370 114124355
2 13 76
2 96 271
1 114 795966052
1 159 908383443
1 155 787291070
1 376 924477550
1 341 737420904
1 277 896134379
2 11 71
2 176 431
1 295 319385792
1 121 188404840
1 320 1206186
1 330 538064784
1 367 42445310
1 209 975689505
2 56 97
2 11 17
2 27 114
2 291 341
2 43 49
2 22 26
2 55 350
2 111 396
1 232 844278476
2 86 174
2 4 71
1 13 998795676
2 31 37
2 75 174
1 176 413377458
1 201 319188443
2 121 329
2 34 242
2 229 432
2 133 153
1 117 421335990
1 85 279034626
2 9 140
2 158 193
2 19 29
1 434 144310187
1 370 433507914
1 167 807080896
2 137 147
2 149 238
2 107 229
1 322 48801639
1 17 744621618
1 210 2816779
1 290 184246687
2 80 257
2 18 204
1 289 305682268
2 226 417
2 163 398
2 19 34
2 38 230
2 53 118
2 34 126
1 138 681136885
1 2 20256650
1 205 752817125
2 142 442
1 432 127727609
2 48 82
2 116 389
1 308 170482817
2 15 38
2 219 287
1 194 990751114
2 32 266
2 442 442
2 34 175
2 14 145
1 130 392172534
2 95 112
2 75 78
1 412 185916207
1 254 433864556
1 163 428457033
2 64 118
1 33 10138725
1 260 57258573
1 12 95949428
2 324 378
1 333 445725934
1 18 647427059
1 104 763105764
2 71 328
2 245 350
2 149 174
2 101 280
2 67 254
1 444 808474697
1 378 783269312
2 27 100
2 35 347
1 356 16597295
2 148 327
2 5 384
1 422 998601055
1 310 988666862
1 171 908364970
2 83 228
1 346 429543858
2 8 101
2 28 36
1 86 802996076
2 26 95
1 403 154562881
2 58 89
1 295 397122601
2 305 349
1 152 961144330
1 205 380387143
1 306 383514196
2 17 36
1 381 388607644
2 62 267
2 139 238
2 64 405
1 275 792199941
2 196 271
1 165 261411607
2 6 161
1 391 535535257
2 96 274
2 301 338
2 19 96
1 340 215233757
1 352 176681416
2 182 401
2 159 260
1 53 62236970
2 49 316
2 10 10
2 49 61
1 309 480320428
1 404 266545184
2 18 66
1 327 188278290
1 335 577485205
1 150 917431091
1 140 676843707
1 63 816867384
1 72 422921968
2 12 57
1 191 42368808
1 186 418169186
2 36 319
1 341 435352468
1 53 492355860
2 7 108
1 106 864718086
2 1 4
2 10 98
1 93 470191182
2 180 228
1 85 243791550
2 9 67
1 379 698938407
1 362 597968945
1 25 927790706
2 248 261
1 357 659627946
1 10 795254442
1 239 655572480
1 22 172615322
2 113 258
2 4 35
1 103 845822171
1 112 751818911
2 49 120
2 366 411
1 195 31196023
1 72 653240143
1 3 336422767
1 276 401716491
1 89 596522826
1 176 339010958
2 26 348
2 29 41
1 56 788124566
2 262 276
2 76 366
2 270 369
1 385 49287097
2 287 291
1 157 968052815
2 132 370
1 309 777772965
2 137 150
2 2 7
1 430 904731592
2 21 21
1 327 137414897
1 315 961624195
1 162 560897100
1 384 812881637
1 309 691764846
2 29 170
1 27 91776847
1 33 915579425
1 92 585709993
2 177 287
1 444 195805495
1 115 525239297
2 68 287
1 390 2136640
2 79 148
1 248 365478802
1 351 828683328
1 323 860927090
1 167 102851007
2 213 360
2 32 52
1 176 599918995
1 71 844299312
1 14 704853222
2 43 155
1 82 292989497
2 93 340
2 175 200
2 16 145
1 172 785697696
1 224 964334967
2 40 186
2 27 158
2 54 300
1 232 172465580
1 397 90725286
1 292 965721487
1 99 594263735
1 243 39415100
1 423 886885576
1 409 991244857
2 94 284
1 360 935801963
1 215 333049304
2 78 130
1 31 868573897
1 370 930234853
2 5 173
1 183 353809956
1 251 532018550
1 11 855391504
2 25 121
1 101 959733031
2 93 181
1 414 921802596
2 62 303
1 158 409963749
2 34 67
1 221 446844927
1 375 967006861
1 126 860592918
1 247 91938063
1 245 946621945
1 34 20602391
2 93 395
1 43 860796320
2 24 36
1 174 496827693
1 392 569908425
1 168 1374316
1 317 678110940
1 19 591363155
1 364 994462099
1 430 823209735
2 20 42
1 187 56525147
1 223 776876620
2 36 251
1 28 692605199
2 161 351
2 128 298
2 244 318
1 218 686365192
2 270 362
1 250 692855018
2 8 14
2 415 444
2 29 146
1 215 629852648
2 336 338
2 217 379
1 396 442065836
1 195 567350520
2 134 283
2 47 223
1 350 205364410
2 110 316
2 29 259
1 122 252596697
1 67 965272402
2 296 341
2 81 150
1 280 149687286
1 171 775205999
1 1 405104700
1 203 302555106
1 74 671566011
2 21 115
2 215 363
1 290 107922181
2 131 181
2 2 6
2 29 279
2 136 301
2 20 43
2 52 122
2 121 158
1 17 552848859
1 431 7033590
1 419 258853062
2 37 65
2 17 61
1 99 723854768
1 399 52715975
2 22 32
2 267 378
1 380 115651765
1 138 258798202
1 435 12460894
1 164 334269242
2 125 279
2 67 115
2 320 441
2 43 220
1 14 334762829
2 35 324
2 12 98
1 65 297766155
2 25 407
2 31 138
1 385 744918727
1 107 723277738
1 104 109327582
1 323 95448407
1 139 756472551
2 46 104
1 167 401086383
2 12 17
2 96 300
1 93 549166301
1 39 94401898
1 52 628580118
2 9 431
1 76 610482239
1 242 539809585
1 398 598753140
2 202 270
2 18 187
1 140 972806668
2 81 358
2 96 210
2 1 3
1 245 900266178
2 159 400
1 231 965873936
2 5 10
1 156 373136801
1 343 574850074
1 66 953617944
2 260 377
2 99 330
1 243 599752797
2 20 76
2 44 71
1 38 568808429
1 99 875638100
1 299 237125733
1 73 349325005
1 144 178978665
2 17 380
1 14 613475560
2 91 184
2 60 199
2 5 15
2 104 237
2 212 297
2 31 192
1 107 557845726
1 315 348569102
2 158 255
2 274 300
2 53 89
2 120 172
1 342 94673075
2 348 385
1 38 206975500
1 229 355738761
2 49 269
2 106 421
1 130 863536813
1 37 631710680
2 258 401
2 24 48
1 303 192314256
2 34 115
1 310 567278565
1 54 901572286
1 323 529412149
1 351 800123158
1 231 597716682
2 47 52
2 96 443
2 158 415
2 38 269
2 9 21
2 212 349
1 130 978791107
2 76 134
2 16 22
1 293 286169772
1 397 393857920
1 395 328201731
2 147 359
2 20 418
1 262 789141175
1 218 971382458
2 365 438
1 282 518110819
1 303 664642639
2 227 409
2 7 265
2 80 316
1 374 627611277
1 399 697867180
2 1 152
1 258 604323425
1 303 149723938
1 137 983926320
2 119 144
2 198 411
1 416 98936431
2 105 306
1 411 903321868
2 104 131
2 27 74
2 215 279
1 354 525245041
1 82 427422363
1 225 496406214
2 202 323
2 346 385
1 291 398807164
1 327 207627810
1 65 386873753
2 2 2
1 416 261997507
1 280 423431653
1 270 574561469
2 387 394
2 186 265
1 198 734321674
2 247 279
1 267 701310041
1 391 669541746
1 393 671357871
2 262 425
2 92 100
1 156 550307492
1 105 9866693
1 369 175995562
2 222 311
1 97 300703972
1 313 232120692
1 434 653362422
2 93 172
2 365 376
2 97 159
1 371 79292625
1 215 87782733
1 393 843266872
2 35 63
2 98 339
2 119 183
2 175 346
2 6 11
2 86 120
2 149 159
2 104 142
2 217 332
1 264 427815102
1 326 412439985
1 220 949247782
2 36 47
1 355 29559837
2 133 404
2 220 271
1 303 30201434
2 172 249
1 383 151534679
1 172 881849799
2 240 307
1 94 438002565
2 57 156
2 176 245
2 112 156
1 182 573311449
2 48 99
2 184 272
1 122 750134352
1 372 704378513
1 234 982067336
1 70 243237461
2 9 48
2 15 53
2 41 73
1 396 123826337
2 150 200
1 373 42769714
2 51 238
1 37 966964229
2 7 87
1 416 107617289
2 12 36
2 320 368
1 196 630589039
2 2 10
2 264 437
1 261 455632839
2 262 288
2 46 154
2 225 391
1 360 105415837
1 396 62837552
2 11 48
1 237 848041880
1 246 14223095
2 57 290
1 49 899496619
1 389 351635344
1 98 133082705
2 67 210
2 217 246
1 241 361765126
2 354 385
2 155 196
1 49 684072830
2 47 179
2 101 172
1 404 294291504
1 156 847272714
2 189 342
2 233 417
1 28 368550539
1 20 903383773
2 11 32
2 192 292
2 137 354
2 158 313
2 84 321
1 403 603111949
2 70 323
2 12 24
2 204 394
1 6 381123056
2 126 177
1 381 505517316
2 42 108
2 85 213
1 87 843610323
2 159 411
2 418 423
1 313 78137242
2 59 267
1 378 993896375
1 163 169658123
2 38 237
2 61 434
2 290 442
2 20 430
2 14 431
1 196 430876082
2 194 256
1 84 311179177
1 291 907504004
2 13 224
2 26 61
2 260 278
2 90 393
1 169 101852202
2 3 6
2 365 436
1 16 80277296
2 65 72
2 64 86
2 39 137
2 76 351
2 62 282
1 321 292718189
2 116 378
2 409 421
2 213 238
2 85 303
2 157 184
2 116 201
1 78 852427064
1 36 266038863
1 369 74961210
2 326 347
2 21 238
2 268 349
2 199 274
2 307 352
1 358 122391813
1 167 617732470
2 8 186
2 73 140
1 310 722030604
2 45 59
1 57 808899867
1 13 952723724
1 339 927991451
1 298 992737189
1 402 227238231
1 223 780404870
1 16 915978069
2 219 282
2 54 355
2 236 404
1 414 213226914
2 33 82
2 96 168
2 79 127
1 182 257807971
2 137 305
2 118 125
1 365 471234135
1 327 623937836
2 181 319
2 41 118
1 48 932514577
2 44 440
1 394 695139582
2 4 24
1 121 918980688
2 75 93
1 27 164816462
1 367 243599156
2 13 60
1 358 159274523
2 8 99
1 430 746725464
2 39 176
1 366 712316315
1 65 465575816
1 158 539467763
1 319 555002929
2 113 123
2 13 360
2 2 47
2 58 92
1 361 485530168
2 85 100
2 367 408
2 46 88
2 284 332
1 380 127758373
1 111 114303296
1 26 844294725
1 72 632690486
2 104 113
1 399 779743378
1 54 515880887
1 69 116360035
2 133 380
1 148 233980209
1 184 450357868
2 75 136
2 187 246
2 183 229
1 233 742262702
2 82 336
2 149 266
1 35 115361145
1 414 326114914
1 170 416666296
1 401 631515758
2 57 88
1 390 231018403
1 226 848165784
1 155 392371193
2 70 220
1 416 964565957
1 260 291182335
1 281 456781901
2 28 72
2 132 314
2 234 295
2 21 227
2 19 26
1 159 565949376
2 3 43
1 362 351180848
2 176 352
1 140 932947307
1 263 648388066
1 132 263421391
2 53 393
2 139 186
2 204 421
2 338 438
2 74 165
1 371 447167869
2 220 333
1 185 213235375
1 6 91378846
1 305 972450376
1 305 45514779
1 46 836238282
1 23 575639287
1 16 111883579
2 88 192
1 272 999753099
2 360 370
2 261 281
2 194 383
1 367 37202507
1 93 26899147
1 58 323239701
1 116 319821848
1 410 181160932
2 368 397
1 284 121763845
2 45 104
2 37 81
2 269 294
1 390 456154405
1 352 977142751
1 61 719653934
2 44 122
1 43 96911668
1 47 975904365
2 297 321
1 267 824380128
1 399 719933787
2 153 192
2 97 124
1 411 70629774
1 104 929894816
1 225 930210111
2 108 254
2 22 50
2 49 55
2 176 343
2 3 3
1 426 184395676
1 157 483612448
1 187 373140484
1 214 732395284
1 245 884616548
1 106 2142475
1 207 561101292
2 57 279
2 238 321
1 213 471962304
2 5 54
1 176 382663348
2 33 162
2 66 171
1 186 454468471
1 361 58610003
2 125 183
2 47 167
2 1 2
2 70 296
1 420 452617863
1 147 912320484
2 99 377
2 103 392
2 89 228
2 267 309
2 34 102
1 56 489482626
1 57 237448113
1 352 441868455
1 338 541031313
2 395 415
2 61 120
2 68 383
2 4 5
2 16 308
1 173 179160187
2 144 225
1 399 896661782
1 53 413032696
2 277 368
1 71 207803995
2 153 185
2 12 278
2 4 14
1 99 482937141
2 218 319
2 6 18
2 211 216
2 56 78
2 235 343
2 26 58
2 145 265
1 318 60297820
2 10 19
2 73 237
2 74 134
1 443 639778340
2 156 259
2 228 268
1 347 62294193
2 80 98
2 290 329
1 231 179108957
2 94 172
2 23 223
1 228 904388353
2 8 23
2 155 182
2 21 191
2 14 21
2 142 145
1 89 301383720
2 99 430
2 86 322
1 55 33650635
1 35 453758267
2 261 344
2 158 312
2 24 101
1 108 95308046
2 1 33
2 30 183
2 161 216
2 26 36
1 440 21173908
1 31 773930782
1 426 932603171
1 293 136969414
2 24 185
1 287 628980411
1 320 702534060
2 332 333
1 326 531464402
1 361 371165867
2 108 412
1 390 83589798
1 208 697708267
1 62 698009051
1 246 72844713
2 337 425
1 60 925531197
2 28 77
1 398 869044071
2 261 305
2 184 300
2 223 290
1 19 142880007
2 12 365
1 74 305056735
1 106 890233823
1 427 414227993
2 31 86
2 205 364
2 37 80
2 189 207
1 425 783017102
1 343 509275758
2 41 170
1 190 54211086
2 40 220
1 380 745349702
1 21 316970200
1 384 24254177
1 71 103698740
1 278 926469755
2 244 417
1 109 419228988
1 330 723031621
2 189 391
1 399 720128458
2 8 382
1 127 266001949
1 192 686119577
2 25 30
1 214 72999222
2 210 306
2 59 74
2 5 184
1 359 707774349
2 310 335
2 70 80
1 206 173661480
2 46 348
1 3 69732236
1 129 826160422
2 190 389
2 363 430
2 10 84
1 19 849771162
1 405 94865147
1 41 576273478
2 49 77
1 200 243503426
2 33 70
1 144 839280684
1 140 261068868
2 76 221
2 16 58
1 378 25872800
1 316 755501549
2 6 297
2 94 162
1 279 706478712
2 40 327
2 147 425
1 342 37665503
2 10 30
1 228 100616307
2 139 150
1 119 255090774
1 415 983383907
2 92 136
1 415 593363113
1 350 924862304
2 2 14
2 153 410
2 20 58
1 141 392621370
2 153 357
1 403 124733182
1 234 888286138
2 42 335
1 321 630966641
2 2 29
1 146 649556456
2 1 329
2 12 116
2 60 73
2 194 308
1 387 448094594
1 256 292675503
2 156 162
1 214 870178208
1 242 588067053
1 237 257859835
2 305 359
1 341 745001102
2 47 179
1 328 510087548
2 8 10
2 20 55
1 425 10937044
2 190 298
1 57 179638049
2 17 403
2 4 27
2 49 257
2 23 210
2 85 264
2 43 279
1 368 728111396
2 32 56
2 22 73
1 353 1671623
1 364 678927878
2 17 17
2 140 165
2 83 260
1 283 694843060
1 117 626994419
2 7 55
2 100 390
1 141 133971429
1 103 881730747
2 47 126
1 213 35558415
2 33 360
1 245 665983772
1 228 423612940
1 210 15088568
2 390 401
2 65 386
1 129 372729902
1 319 55163891
2 156 288
2 266 384
2 2 33
1 341 219139243
1 148 390761923
2 105 110
1 51 195943837
2 21 28
2 276 426
2 102 129
2 119 378
2 225 379
1 306 871999216
2 54 58
2 123 160
1 308 843808777
1 396 81495555
2 87 208
2 19 433
1 192 827362870
1 177 117274446
1 111 104836449
1 363 530639997
2 67 199
2 176 176
2 120 249
1 135 859496443
2 10 344
2 119 161
1 332 182953276
1 169 276791922
1 337 91925606
2 22 28
2 304 404
1 95 459054891
2 23 108
2 354 392
2 33 183
1 86 204488696
1 105 143382968
1 318 877468388
1 327 737238397
2 259 396
1 314 33705485
2 154 357
2 138 173
1 158 699119948
2 142 217
2 7 7
1 386 996145096
1 62 760295020
2 314 416
1 385 714677973
1 329 245420151
2 45 244
1 73 851952236
1 396 174012378
2 10 337
1 227 30662280
1 406 111182233
2 201 241
1 224 128650767
2 3 123
2 362 385
2 43 72
1 18 977715226
1 27 943120078
1 415 870100603
2 146 175
2 83 281
1 207 790613472
1 29 122141937
1 203 499218906
1 143 273011756
1 214 477225969
1 75 616824431
2 146 258
2 198 364
2 91 193
2 254 301
1 3 405010841
1 203 183120054
1 213 397595966
1 364 320665606
1 200 492716420
2 102 313
2 14 286
1 191 713618678
2 108 255
1 291 306991366
2 6 151
1 69 156989193
1 414 170982624
1 339 317421288
2 103 307
2 10 22
2 160 308
1 349 73212576
1 159 559532498
1 157 270639974
2 75 194
1 31 902467356
1 142 440975372
2 55 65
2 4 36
1 437 482735263
1 300 585731904
2 4 64
2 165 318
2 76 171
2 239 366
2 146 436
1 6 958244038
2 110 237
1 209 296524690
2 36 252
1 23 734033276
2 44 395
1 12 897544318
1 234 804413284
1 207 767188441
1 198 69444857
1 379 15655371
2 15 18
1 68 227856907
1 372 972903894
2 75 206
1 366 218132314
1 179 18122640
2 2 147
2 59 311
2 14 297
2 246 277
2 38 262
1 212 124533760
2 136 395
1 131 864629896
2 48 72
1 296 622130862
1 442 459360292
1 360 486938859
1 212 176938824
1 45 239057327
1 358 779022053
2 24 29
2 112 380
1 387 277257843
1 15 885378584
1 296 524057542
2 167 354
1 189 832587288
2 41 188
1 27 999739538
1 215 510243760
1 295 87387776
2 172 423
1 105 360651559
1 228 158816377
1 129 129204315
1 38 289938012
1 22 582178454
2 127 215
2 219 368
2 66 120
1 357 36392238
1 387 699333233
1 69 979625811
1 30 741899868
2 232 394
2 284 404
2 141 377
1 68 79543686
1 435 409642651
1 162 86764938
1 104 742448952
1 200 346385669
2 60 163
2 232 414
1 239 307553475
1 199 178731809
2 103 416
2 84 296
1 194 281602832
1 147 574311067
1 11 822036879
2 85 267
1 293 813798458
1 262 730030626
2 125 230
1 37 632084478
1 60 37048489
1 355 226816817
2 134 323
1 188 716369852
1 90 70933430
1 409 7736343
1 146 226111823
2 67 74
1 149 40874137
1 10 245931923
1 415 182131255
2 62 161
2 403 406
2 4 8
1 409 130569721
1 215 440226343
1 154 560770176
2 42 185
1 331 496692763
1 210 93502886
2 208 324
2 7 54
2 52 85
1 346 771965998
2 148 243
1 216 974833969
1 167 215322239
2 117 422
2 42 372
1 115 219969222
2 180 238
1 99 93242363
1 236 120929327
1 305 957564627
2 19 118
1 319 835272274
2 131 249
1 347 19954404
1 326 620679878
2 64 310
2 47 147
2 35 95
2 133 420
1 359 997668030
2 61 313
2 83 193
1 434 987770692
1 146 706458266
1 435 624474991
1 352 385997276
2 34 64
2 1 9
2 47 104
1 316 265893275
1 236 215825858
1 428 403094963
1 376 802534559
2 281 368
1 283 37787026
1 107 727947318
2 45 149
1 230 695644492
1 385 885790454
1 375 21349600
1 216 912402908
2 177 397
2 135 363
1 104 169114870
1 178 173697163
2 7 13
2 2 11
1 427 631031953
2 12 311
2 199 240
1 355 798729340
2 140 231
2 289 354
1 98 962229548
2 85 263
1 33 791984400
2 224 251
1 155 718616935
1 22 484266044
1 313 487033293
1 404 992811957
1 242 922460597
1 152 679074174
1 167 212670896
1 429 857750350
2 36 256
2 197 221
2 145 277
1 247 951655760
2 10 10
2 2 174
1 20 87455593
2 275 289
1 113 15495650
2 2 184
2 200 225
2 97 351
1 315 496126222
1 238 691663640
1 247 546110231
2 160 426
2 212 308
1 173 894452196
2 16 262
1 125 296471099
2 209 345
1 359 544485058
1 93 627335384
1 252 5688086
2 190 295
2 214 418
1 260 10686777
1 299 729813892
1 168 162605795
2 18 191
2 1 1
2 12 71
1 363 306571079
1 365 331078969
2 175 424
2 24 101
2 121 250
1 204 946680542
1 434 45116206
2 125 395
2 5 376
2 190 261
1 90 638680793
2 48 57
2 187 253
2 200 366
1 183 854308319
1 20 70645971
2 250 357
2 328 415
2 8 10
2 39 88
2 7 128
1 188 854575767
1 440 694826554
2 163 163
1 8 616883048
2 70 256
1 47 274385840
2 91 121
2 186 306
2 3 279
2 89 214
2 1 291
1 397 675707785
2 55 324
1 270 427225484
2 98 187
1 301 645481794
1 421 527994625
1 334 242131330
1 168 856998665
1 433 787262142
1 331 376635258
2 55 148
2 8 74
2 298 360
2 161 313
1 173 496578827
1 321 248744212
1 411 438417720
2 91 306
1 177 924720273
1 2 7729139
2 285 376
2 101 161
2 85 113
1 109 311880918
2 176 244
1 47 70693690
1 178 857648800
1 92 691277079
2 102 173
2 32 63
1 426 280838164
1 194 568105272
1 306 961315041
1 247 740209307
2 2 4
1 55 243907326
1 250 994703849
2 178 361
1 300 163128252
2 15 235
2 29 39
1 29 493777432
2 67 86
2 199 264
2 59 159
2 99 117
2 73 173
2 39 407
1 248 78087675
1 39 951777107
1 129 550230152
2 96 174
1 413 527067457
1 285 338601850
2 367 386
2 357 359
1 392 244395190
1 354 955230195
1 249 947842100
2 51 308
2 8 250
1 407 735978005
2 299 329
1 413 331176666
1 354 163546185
1 320 688433538
2 19 334
2 8 18
1 83 761289910
1 442 2566858
1 247 901100759
2 126 165
2 54 67
1 409 312866253
1 193 245383787
2 7 7
1 291 621369047
1 309 741435226
2 2 10
2 38 303
1 178 658748325
1 342 987621785
2 8 14
1 4 248402602
1 250 193462914
1 309 973530567
2 59 279
2 60 80
2 18 19
2 78 93
2 112 215
1 12 393931592
1 25 770745787
2 19 37
2 8 119
1 359 53295097
1 193 621701908
1 324 486807125
2 2 303
1 95 872645270
1 309 157234963
2 42 154
1 418 382865822
2 197 225
2 60 324
1 232 775075985
1 19 182060081
2 108 268
1 238 806240129
1 359 256562683
1 433 120602604
2 130 159
1 323 758734006
1 104 184802817
2 41 54
2 143 418
1 24 706518641
2 19 280
1 407 2067058
2 52 95
2 74 97
2 391 408
2 169 331
2 181 279
1 409 182886108
2 69 85
2 19 114
1 26 818186489
1 263 411022819
2 91 414
1 62 868405103
1 77 762831288
1 15 165097543
1 293 605553337
2 2 9
1 221 855338856
1 334 826898402
1 102 136654546
2 244 337
2 225 238
1 419 999753020
2 193 374
2 89 146
1 265 344299714
1 326 514083722
1 429 871823550
2 38 52
1 112 9542664
1 4 22707729
2 177 356
1 288 507272600
1 217 840734721
1 414 738721939
2 34 127
2 19 367
1 222 411095512
2 62 113
1 208 31914979
2 10 11
1 407 340013535
1 11 919582143
2 74 265
2 9 70
2 33 35
1 246 59446920
1 153 992341367
2 59 182
2 285 382
1 142 163415834
2 220 224
2 337 439
2 6 104
1 223 674942922
1 309 732678365
2 29 335
1 267 211866737
1 56 19226936
1 437 570552915
1 346 22870985
2 28 106
1 120 11660953
2 83 99
2 213 263
2 82 127
1 90 793246162
1 238 382035714
1 29 79881030
2 111 114
2 157 309
2 36 200
1 169 54811751
2 309 374
2 107 167
2 119 131
1 237 409943931
1 146 332449503
2 66 161
1 361 484053774
1 277 690089395
2 125 274
1 427 982817526
1 408 898031901
1 131 130244179
1 313 354397280
2 171 264
2 27 194
1 317 69895390
2 228 322
1 20 423752120
1 346 712227657
1 339 88290782
1 224 858569742
1 222 244040713
1 305 439625783
1 124 52774520
1 370 581765789
1 391 703602600
1 268 203198685
2 10 15
1 156 248460510
2 113 232
1 206 11041285
2 17 17
1 217 617773263
1 284 929165345
2 22 321
1 380 24094513
1 356 531168949
2 327 402
1 308 818006902
2 47 120
2 3 20
1 331 550326539
1 429 468446283
1 33 552355487
2 81 102
2 9 67
1 293 215970841
1 250 110171363
1 364 791978607
2 171 210
2 148 245
1 356 600110329
1 110 737503851
2 262 361
2 127 247
1 443 689883644
1 80 277023877
2 207 213
1 376 102869643
2 21 48
2 8 291
1 85 986098601
2 262 302
1 316 3249255
2 30 356
1 278 645311650
1 286 998745537
2 206 248
1 56 658829360
2 79 88
2 167 253
2 58 136
1 315 832677417
2 253 380
1 172 677066701
1 114 343130911
2 14 44
1 361 508682255
2 84 128
1 15 522245135
1 268 751135819
1 11 142050526
2 243 318
2 40 421
2 3 396
2 69 148
1 408 734478629
2 83 151
2 2 178
1 380 892896136
2 118 156
1 80 581082440
1 5 589135066
1 426 575285649
1 429 395299797
1 132 469011000
1 360 146763612
1 66 279819521
1 243 879482826
2 124 182
1 265 919480625
1 368 629832615
2 211 251
2 40 82
1 266 181846142
1 21 70295872
2 214 338
1 328 134498596
2 93 304
2 13 25
1 51 88194170
1 17 144675864
1 268 675108433
1 401 974591462
2 27 209
1 417 304277011
1 362 9146841
2 16 37
1 393 412196643
1 418 376389054
1 203 625473287
1 50 23001355
1 378 297539347
2 11 32
2 16 37
1 254 974408924
1 30 624157926
1 118 588993732
2 4 136
2 149 245
1 404 1003151
1 338 227657231
2 8 35
1 384 675913075
2 84 414
2 86 231
1 97 55649979
2 14 169
2 3 16
1 287 834436984
2 33 76
1 55 46528687
1 90 832073870
1 140 67329267
2 9 10
1 391 391591475
2 36 274
2 56 169
1 254 602475770
1 65 2198083
2 4 16
2 123 205
1 120 423993039
2 93 173
1 119 600022478
1 133 824500066
2 282 349
1 183 734232436
2 52 90
1 202 111849523
1 270 797182462
1 30 542157193
2 1 7
1 44 91698418
2 353 380
2 345 379
1 211 919812088
2 298 390
2 181 197
2 56 258
1 343 141019326
2 237 410
1 406 982670688
2 203 276
1 47 562625634
1 425 49432781
1 408 487196317
1 353 651703339
2 337 346
1 414 51603869
2 64 70
2 176 327
1 312 220387614
2 24 379
2 173 240
2 281 296
2 116 266
1 140 127135850
1 41 698797964
2 126 336
1 243 532444806
2 254 293
1 398 644385059
2 107 122
1 180 93394836
1 31 463052167
2 149 407
1 350 636235777
2 121 408
2 264 271
1 206 98929623
1 106 394437767
2 45 131
1 258 50453522
1 137 28815221
2 160 179
1 226 658739338
1 430 551963558
2 208 329
1 271 811267485
1 34 102975893
2 276 344
1 370 5591515
1 395 990256587
1 15 773188424
1 246 16796191
2 242 373
1 221 932443047
1 157 5556039
1 329 749221671
2 271 327
1 365 875541688
2 25 42
1 141 515266613
1 356 48549905
2 118 193
1 119 509808493
1 98 90747425
1 84 271432383
2 56 414
2 18 175
1 379 186650517
1 420 790484778
1 312 999376412
2 164 416
1 61 117540287
1 369 554899431
2 11 30
1 164 213625384
2 254 351
1 411 867862743
2 69 227
2 220 396
1 103 112107538
1 126 563232905
2 185 392
2 283 324
2 13 323
1 40 954430307
2 204 310
2 80 318
2 150 377
2 78 422
1 343 14109979
1 156 34995287
2 275 398
2 330 370
1 409 239145325
2 128 289
1 353 888434596
1 226 542754099
2 7 8
2 281 435
1 290 935307769
2 30 189
1 338 877443339
1 263 74504284
2 43 352
2 52 264
1 11 114131190
1 126 634715086
2 25 294
2 179 287
2 38 146
1 377 114820907
1 423 632233327
2 114 141
2 314 396
2 185 224
1 442 572192106
2 204 368
1 113 996197339
1 399 870606597
2 326 358
2 250 316
2 230 266
2 88 109
1 272 413470766
2 33 218
2 4 96
2 23 37
1 201 704624107
1 53 886621734
1 18 612000943
1 334 668585856
2 177 317
2 8 56
1 241 573887501
2 26 58
2 42 48
1 198 562569287
1 301 154082929
2 177 359
2 213 283
2 13 411
1 240 752713681
1 348 337054230
2 62 198
1 309 22042366
2 228 323
1 102 110775908
1 46 594377354
1 12 241748845
2 34 65
1 313 821207170
2 33 276
2 210 388
1 384 74974656
2 29 152
2 35 49
2 106 108
1 252 52574624
1 28 853928464
2 165 169
2 13 353
1 4 969657441
1 392 752238144
1 319 914699378
2 9 435
2 6 16
2 2 5
2 72 96
1 391 812805664
2 8 91
2 245 245
2 6 267
2 66 409
1 100 646514413
1 90 460236980
2 12 35
1 162 343671285
2 17 268
1 148 379444434
2 68 223
2 110 332
1 356 640235294
2 3 11
2 199 243
1 233 186389661
2 27 140
1 11 783261624
2 61 205
2 97 166
1 418 369595937
2 129 146
2 113 295
1 92 29205182
1 334 663514304
2 142 424
2 327 338
2 101 356
1 245 677821479
2 94 134
1 142 974840840
2 88 411
2 6 92
2 69 181
1 250 217227693
1 230 787028950
2 1 15
1 86 825187071
1 228 349094217
1 413 408005708
1 344 233882330
2 175 357
1 402 860426057
2 62 190
1 438 597428766
2 72 228
1 102 168582312
1 16 152832564
2 48 188
1 296 340039800
1 297 894287786
2 8 286
2 50 444
1 239 442941068
2 148 398
1 364 562204049
2 161 182
2 218 388
1 105 61754968
1 4 138279878
2 202 221
2 83 318
1 362 4502441
2 183 201
2 206 414
2 103 177
1 260 53300338
1 255 216257169
2 322 388
2 104 194
1 444 670651527
2 269 300
2 58 123
2 316 438
2 20 208
2 17 61
2 247 329
1 214 253823723
1 209 32384270
1 10 494217129
2 193 219
1 211 87139671
1 333 756044196
2 37 399
2 201 223
1 254 116428764
2 243 251
2 357 393
1 233 886546245
1 73 32408947
2 211 432
1 129 53877764
2 12 273
2 123 386
2 15 17
1 440 2481087
2 246 396
1 194 891814470
2 227 392
2 69 91
2 103 242
1 160 842844505
1 432 356264898
1 426 333344055
2 43 103
2 21 51
2 57 201
1 245 60742623
1 245 583780889
1 387 320706506
1 236 765736604
1 148 603265984
1 333 67917964
2 1 5
1 442 390007568
1 48 252338135
1 248 471673558
2 100 203
1 367 999413037
1 344 588115805
1 59 191320089
2 42 50
2 202 266
2 2 25
1 213 479106010
2 35 104
2 105 122
1 231 100503655
1 399 684109457
1 183 788452799
1 227 865046691
1 276 682154063
1 97 82619418
2 18 117
1 435 35762824
1 94 46128115
1 267 464187850
1 193 9149469
1 274 446788297
1 204 213401576
1 83 924663106
2 41 310
1 42 754253880
2 200 215
1 389 450716619
1 288 307561035
2 45 234
2 33 36
2 35 121
1 193 667975011
1 162 418225284
1 79 571582939
1 243 201661613
2 61 120
1 296 915028880
2 82 238
1 99 626881457
1 135 267371374
2 7 84
1 125 33889170
1 216 632479304
2 50 372
2 131 360
2 160 337
1 58 631573704
2 238 263
1 92 855341757
2 30 267
2 14 218
2 200 334
2 151 250
2 111 327
1 200 86522147
1 145 624065236
1 276 301782466
2 64 191
2 6 30
1 308 547280139
2 20 90
1 75 293433399
2 261 340
1 259 506904357
1 401 106187320
2 81 184
2 110 210
1 121 786913481
2 210 279
1 168 280548747
1 257 797791220
2 93 225
2 6 30
2 15 244
1 98 761835034
1 281 297994148
1 47 447295037
1 339 988795054
1 225 635965159
2 54 58
1 331 302329304
1 111 171490339
1 193 622247216
2 114 158
2 154 154
1 57 642873086
2 196 319
2 340 409
2 237 279
1 210 413739034
2 17 40
2 7 38
1 114 940229574
1 271 261432419
2 151 191
1 138 372108823
1 64 409622112
2 40 83
1 358 421535625
1 211 833068071
2 246 328
2 311 347
2 6 85
2 29 67
2 10 93
2 9 15
1 214 434363750
2 175 193
1 101 226169113
2 11 90
2 215 375
1 184 56344621
1 269 32358088
2 251 273
1 35 550818797
1 50 167544604
1 95 751532872
2 42 283
2 144 429
2 80 436
2 178 261
1 163 342621703
1 138 566808535
1 19 513660282
