0
0
0
0
0
239555079
0
1246811410
1798874835
0
0
953738762
62482844
0
737953260
0
408035866
0
0
876297036
912070691
0
0
944511486
0
0
892932562
0
641726610
0
543230266
2220057054
0
0
0
655836701
0
962959591
2157489717
62933625
1206570464
0
699039441
0
0
0
62418097
1055085316
362132501
0
0
500926791
444101394
1774521725
176727848
0
0
1803858365
0
1237684032
0
4284095987
0
0
659640628
1043598454
617522259
0
0
4993997397
847434427
368457471
2139265975
1791327911
553826121
0
218544073
764244259
0
0
0
181511259
261413637
0
0
0
710075598
0
0
626752890
461227037
0
0
1230946968
0
0
573047284
0
714963825
19136759
0
0
0
0
921711052
0
3936325436
0
0
0
0
338922958
30710208
0
0
866807880
1282388363
0
0
1300423484
1243500517
993943440
2186919172
0
577682886
0
0
0
0
792179777
825139492
0
1289037277
0
1105757879
0
2836990075
676018356
0
495545850
0
0
0
0
115314447
31675272
0
0
1786371750
0
880528831
962378793
56643712
0
0
0
759712531
0
0
0
576399346
281905882
448603898
630868761
0
0
0
361733834
0
1196643606
2265586404
0
541667339
580641510
0
0
0
0
0
0
237136258
4374416652
1202700987
0
0
561224212
1321319379
669164577
284260337
0
0
0
0
3527548437
0
0
0
0
0
947227685
0
0
487595220
0
7010428662
0
0
0
0
2134406200
169390544
711726605
0
0
0
694466019
873891522
2541101025
0
0
540747497
0
0
0
790296557
2226216819
0
0
0
1189897191
1921969582
0
7960041
1963430659
915371261
0
539425183
0
0
1000644248
0
0
517345242
2629861119
0
874896301
361839683
0
0
2939930834
1549074853
0
0
0
0
0
657955653
0
0
0
0
566690637
0
0
1671025584
0
1127975337
0
0
0
768331946
0
0
0
0
0
1403154396
0
0
0
1254451423
555796057
1196831736
0
0
0
1754522745
0
364177006
780994500
490827332
0
0
0
0
0
0
215479575
0
93262327
0
1913695858
396844973
0
21041476
0
0
2199830759
426811347
0
0
752752758
1430080835
0
34910880
0
0
82191614
0
635850254
419066939
211245258
2059776083
0
549685861
1572011278
1297307489
1695565492
0
0
0
889849830
505892570
4685608740
0
0
0
0
0
0
0
0
2004631830
0
220693341
0
0
0
0
0
0
0
259918221
0
0
3388767035
0
0
382948718
0
0
0
1001837966
1676725164
0
0
0
120449017
0
772796984
3355400773
0
396850304
0
208601251
272934120
187931555
0
0
0
1739697522
477542731
0
0
0
563225050
43386151
0
0
0
941352311
763237015
537868308
0
0
1723012258
971060144
0
0
712428992
619045991
0
503659970
1768047627
0
0
984924680
465945183
0
726134540
103586422
0
1233422009
1267251372
652130506
0
695831237
0
0
0
50513341
1477501274
448842453
548988649
0
908433926
0
0
83568325
0
0
2912827332
859792864
0
0
0
3668999430
0
215936799
515871852
0
0
106080366
0
325530515
664260058
0
0
1324524516
0
681361160
1065731189
0
0
451653206
0
0
0
0
0
2044680917
424615228
0
0
1182505228
0
24192919
648463479
903540280
3168290458
969003910
0
894697391
2811093660
0
0
0
749423493
249483514
732136329
1779905535
351629127
0
302789165
0
272018341
0
0
0
1220814576
120887089
937182765
0
0
0
0
0
0
0
1553916065
0
634181326
0
0
0
0
0
4335138282
2723236673
0
583066473
0
0
69309260
0
1208931856
0
0
0
0
0
511453980
0
231005926
0
0
0
168247755
0
0
1200137233
2680141359
0
2059566086
0
709368716
0
914103268
0
0
0
0
0
715344092
0
0
0
2725883265
0
583627548
1192583741
2104989743
109932675
399129429
0
0
0
401841573
1628524437
522626365
906560448
135823197
0
5655935982
111066694
812516161
765315545
2183280428
0
0
0
0
1252924332
1770377929
103349512
0
2185705507
695096997
0
1410248769
0
0
0
0
0
2013993202
1470893800
1489482595
0
0
901190866
1555733223
2473813877
0
1007065688
201537018
23945410
4228295970
727377192
1595461175
678439000
0
0
0
0
0
812978554
0
0
0
877304172
0
276564877
0
482655371
0
0
1240182571
0
0
0
0
0
0
253163185
15956115
898879424
503938036
909103703
479463493
1023509121
0
0
0
2911647914
0
0
0
817515240
185627735
36031581
0
0
516526119
0
0
1601239837
0
672137975
687968523
63759706
0
0
1231718200
0
876419822
3748821825
3315589800
1817899626
0
0
385078991
0
0
1309350492
2604715230
0
0
458931321
0
716838051
2132731436
504657650
134904591
558414782
0
368875991
0
22329570
0
803755482
747545559
3251120072
0
0
0
0
0
240654833
116442503
829595696
814840361
4496949884
0
0
0
0
0
836551288
0
0
532621207
0
0
1495937577
2621115684
1384890034
0
832066960
446348879
0
0
0
30177570
2457562693
0
0
0
446200307
448172917
0
0
0
0
310386340
0
0
568067378
1445498918
0
0
0
0
0
0
0
0
0
24341690
0
0
147590518
727201912
0
345993397
0
2636414436
0
175966016
980521489
576471272
169646239
0
2007745168
0
0
0
141495341
1161053509
0
1084928383
0
0
0
112646410
0
1601398510
0
0
1694951489
2964449431
807326589
0
0
0
110360095
0
812446483
0
0
963126063
0
744640221
0
0
8060878
0
56382100
904500453
0
1477130858
0
0
0
299986406
249280654
0
0
2697919675
0
697851554
791646999
1085025418
0
102208256
103650225
0
3343564954
0
0
0
0
2190605259
0
3785660060
0
0
783161386
1731319856
2065089249
0
1398898037
74899490
0
0
0
0
0
0
31776099
0
0
0
0
0
3238378737
482795271
0
0
0
0
336145914
0
0
752966462
110806219
543705893
0
0
326939843
0
0
0
763743782
1054851427
0
0
0
784245134
1058432183
528936332
868079439
0
0
0
0
0
0
0
854043880
0
0
327421349
1001643369
571384575
1760375897
0
0
923881885
1842114530
0
0
866188483
0
336919029
905607126
0
1426691348
0
0
0
0
0
1705047019
0
603021827
156156712
1051793349
0
898315573
0
87231530
178764757
561753090
0
0
0
0
0
0
0
0
0
177211472
3935982922
0
0
0
0
0
923111772
710200709
0
191413430
968987663
0
0
1245964753
0
176180989
2522080750
112832617
0
0
0
0
0
4296115378
0
1849313416
0
0
0
0
4168766973
0
1464045666
2345893059
0
0
0
0
0
875807049
0
743441694
0
0
82702805
0
2349814866
3420162608
150604505
0
46551425
0
1193542791
136704378
0
274829772
0
0
2943699422
1156568976
0
907774161
0
0
739726231
1750359447
0
825917460
1943193708
0
135342208
0
955158080
0
0
30800658
3308791519
0
214687026
179023861
0
135534644
55434646
0
620448331
0
0
3734601019
63939201
311801393
522789090
0
0
734143855
0
212515210
778571878
0
331934358
671203368
0
376478030
0
0
0
672693052
3356949937
198725760
0
775691496
0
0
0
705634593
386318228
0
592029050
979717506
1008467558
0
0
0
138367698
0
1002560345
0
118919681
1692489317
0
22377817
336427027
0
558417925
0
0
610007522
987530744
0
0
0
1719734961
0
0
0
0
3081321242
0
70555000
16701382
1693939832
2061365926
187063100
695439539
0
0
2942932580
275072674
90497521
0
1652849357
0
457007546
2145788556
359614176
0
82602472
1068110674
0
0
140498052
592887710
0
0
0
692723450
0
44061948
399563930
0
1290309001
0
0
40413577
0
15761421
0
0
2526888742
0
0
662087106
242693605
0
852406993
0
0
1831185958
0
0
0
1647014167
0
210729699
971798048
69252235
0
1156860035
74134762
805180558
0
0
0
786830854
0
0
0
0
0
927961627
0
0
0
995917537
0
0
2370923050
908320933
0
0
0
0
562184453
572998943
3654745787
0
638573753
559803667
2519185013
4705463335
0
0
0
753070689
0
171697298
0
973761427
0
415846886
0
2595922819
0
0
0
725722910
467991424
0
0
0
0
0
0
0
0
206030326
0
0
0
0
599952843
0
0
1793761696
0
0
0
1850939083
0
0
0
0
3144856917
17196514
0
0
0
0
0
0
0
2233242464
0
0
0
0
0
0
391369742
0
0
0
1868143607
0
0
0
0
0
483955788
0
0
883025087
0
0
0
0
577892896
416253564
3518102239
838902781
0
0
0
0
0
0
506579997
1771853669
0
1214731425
0
0
0
0
386801049
1374170131
213172613
0
669138278
0
4691739427
0
0
2242976274
0
854150457
0
172890432
209148089
0
694880789
0
1201673071
0
0
0
0
0
1346363712
0
1465383129
896549185
0
0
0
658545136
0
0
4319314531
0
0
468254296
0
24669263
646003436
148046873
228126835
0
0
3031272040
0
0
798598297
0
0
0
1831441055
831590545
393720138
870073000
0
157014158
0
930343537
0
0
0
0
0
732599497
78217157
577156812
0
0
1351823327
1275881943
503734477
0
0
21797572
0
0
606572071
827582055
0
646788140
0
1484119110
0
0
45143447
0
737188989
0
1335164894
0
0
1934906418
0
0
0
0
1304188927
957104725
777597152
1296002368
0
0
2670143874
0
2147140713
937381151
0
0
114647806
346147198
59774034
168855703
78911374
0
0
0
265149189
21233365
0
889514724
563834901
625416062
783379218
1254374007
925987218
1804009078
0
0
181254030
0
328024696
0
710477815
0
48593397
0
1475681820
0
0
60012393
3340659629
0
125815203
834799476
2091095528
962237617
632124787
0
4564063605
0
0
0
324826224
1075664630
3780978243
781087791
1492898345
0
1276137202
0
5170715038
0
0
0
2115908685
771981035
0
614981881
0
2535150291
0
1223721229
0
0
0
575222180
0
2892767715
0
0
838610539