908830693
760777935
0
0
907620443
0
950657207
0
0
0
0
193794925
0
0
0
810604708
1909195533
915259352
345426764
0
0
2609149988
1372391932
946794985
3523536113
0
646045592
0
0
0
937585323
2595056560
802163336
1155700951
494823984
0
456097611
0
0
0
441808999
395347603
0
1050788067
769580426
0
0
0
1833317
0
919651688
0
0
1142201810
0
0
1355904729
968659666
0
907940002
0
0
300824924
0
313262156
1007573550
897650390
0
0
0
338244852
1086230711
0
0
0
0
2439261800
0
999016144
0
197983925
0
43176931
0
0
2253619525
330303652
0
0
118976867
94835054
939073520
1930726805
274779446
0
665151685
824056258
0
3559291578
0
605176090
1598653068
847620948
44617054
958323097
0
0
0
0
1751238231
0
0
3647508840
0
744782262
3013988428
0
0
0
0
0
0
563635478
594567943
0
0
0
0
0
0
0
0
0
0
0
0
0
539340956
0
0
1418435448
0
0
840305560
99550821
857912973
2194371778
0
0
389161853
0
0
0
0
655582390
263592250
2647482999
930299666
0
808535324
0
0
0
1433304241
0
28464513
516561777
195750887
2700789339
2127473889
0
1093896233
0
843201953
0
0
743438292
14683961
242762391
0
0
856140548
0
0
2456885053
0
1820516599
324425678
1034149587
1798117553
3873929689
0
0
137515559
0
261858663
0
1059583035
315656668
714206072
0
85168803
0
1367376270
615540000
654961428
4555118731
0
1066909306
951836913
292327575
2860753507
1202126987
835790322
90697765
0
0
0
0
0
93969775
0
114227468
1779482283
0
0
0
0
64765324
0
763834251
0
1664236689
0
478520492
98938104
0
0
0
0
0
67165070
1069162612
0
1234895055
0
667589630
1540188018
2656467280
0
0
234817953
1304708076
0
0
0
0
27685820
454768410
2373603545
1051487780
0
0
1401755241
0
0
0
0
360487191
668586576
0
884862158
0
284866210
0
437188624
0
962220096
498829357
0
0
0
0
0
0
117637657
0
0
0
1143461334
0
2027052918
1752766228
446895986
0
970741421
895336821
0
0
1554611809
0
0
522090430
2568765126
0
521199342
0
2450106476
0
0
0
439339835
1275672849
0
0
496480947
9800035
0
0
639957486
0
1712588307
794877766
0
0
0
0
0
0
1376757284
96168692
0
0
0
0
0
0
0
0
0
0
0
0
0
0
2755094860
920795029
1166783922
0
0
0
3152298186
1287032035
1722811091
0
1946209796
0
275458212
0
0
0
1539001841
0
1155864302
0
0
0
0
931461340
331884363
0
0
863491307
0
0
0
329167305
0
0
0
0
611319281
0
0
892688301
0
0
0
487592712
0
546712634
0
0
0
0
1093763397
0
0
934993431
0
0
0
0
905814709
543071482
0
0
119911155
0
0
0
0
0
0
1677495797
1526474231
0
1077713519
1957490216
195093069
362972053
0
786467453
0
0
2715866039
1534088654
312852830
0
181290156
687895387
885845725
396797979
0
0
1142516079
0
0
2170259931
772817203
388076722
0
4277994817
0
0
1050505258
189866131
2047345553
0
0
966266502
0
80558076
910938450
1297270122
1714780846
0
0
2565525263
0
1918650781
0
0
136068893
0
0
622357235
0
499636728
179427484
0
0
300377295
128816935
0
4051708892
0
0
492584050
0
1430614489
0
0
0
0
0
940709
0
2937832430
872449069
0
0
0
1642692119
1685718507
1253411285
0
0
0
0
0
0
0
2135515189
268957149
911235279
0
2522897493
0
0
0
0
0
976750613
0
0
629302330
996822706
163561541
0
279961163
520080007
1115987698
699687774
0
0
0
0
0
37072193
0
0
841549796
38106728
0
0
72527686
2669882695
0
110353837
0
0
925445178
0
934299006
0
85854753
656756572
2948604857
0
0
0
0
0
117956705
975264702
0
0
350145889
647874204
0
808112045
1914965359
73959616
0
2764882252
0
1287459077
128402384
0
512761598
768563585
0
3155560448
0
1580508152
841072363
1784950840
0
1539031919
283727965
683139830
0
0
0
0
0
0
816965871
756155599
0
0
0
910639569
0
2549475979
1955245440
0
0
0
1877459568
1943438824
0
491392995
331520652
0
0
0
0
776677598
0
0
326706335
0
903850419
1427637688
0
0
2285203188
389968297
1513388520
0
941876032
903207998
725414867
0
0
665032201
756478448
0
93817383
772122543
0
1796484263
313281531
0
876272106
757444865
2877306839
0
1557961449
0
0
0
440113368
0
0
0
1229061013
0
0
3875996
451880601
0
0
0
981466523
0
298473416
0
0
0
99371207
514753585
0
0
0
837781462
3336086140
0
165740573
0
0
45523708
1857463784
580815069
0
45754623
0
250203775
0
0
1996304816
0
0
0
1780505690
0
0
1048075716
837884976
1121727705
0
0
0
0
1724514350
1729343613
0
0
0
237049301
579824405
0
0
0
0
1210009134
0
0
0
2766376666
2237341175
1933951357
0
639698710
9487844
619130351
0
0
1243259429
559740474
0
0
9090509
0
965932753
1869014989
0
0
7124397
0
0
610228370
940542007
16789580
0
0
0
0
428641255
0
0
0
0
481226658
70834957
738518679
0
466254363
184577026
0
0
0
0
2664196207
0
0
0
0
1905138301
0
733843605
0
155866814
0
1124202176
0
0
0
948527139
1348505350
60343584
0
0
0
1105041876
394512742
381768048
1611809345
0
918122844
0
3466445581
862481986
1308348224
0
371693052
390940277
0
412040749
0
1717543668
0
0
0
0
822710781
0
1301980351
0
0
0
205570164
0
0
0
0
0
2160870871
0
632463383
40723881
0
590432158
729808895
800910333
0
548555585
0
1705772479
0
0
0
2498198896
934685954
0
0
0
1681309836
868532107
0
0
0
0
0
1944139517
2217268022
0
1148555070
0
0
733105454
0
0
0
0
0
642101989
581133398
0
363178032
2642801558
1001089866
258450778
371590662
260314275
0
2318187754
1549210065
0
2786286012
1058443057
0
0
0
0
231021840
326575955
1384419923
1739408383
0
0
0
180922442
1095592940
0
0
1935583231
0
106987804
867274308
0
751871126
206786969
788979742
1210003114
1103891466
903053375
186665624
0
0
0
1002035629
1320831783
0
1374397141
214088003
0
0
485105653
0
117192654
0
627148210
385636125
0
0
3291997784
2408216273
230437549
0
0
0
2579455987
768763073
0
0
1092217568
0
876907116
0
519978741
0
0
715966672
893292818
0
0
0
1342633122
3759455806
0
705062577
0
907287617
0
0
1075010885
0
0
119801475
0
0
693549788
0
0
715449878
255542804
0
0
927547865
0
186290726
0
1077155737
0
0
1712605501
0
0
1477671672
0
3011208434
0
455000331
0
0
0
0
960195518
0
4010158410
781133201
0
1316743545
0
1541715478
1303782453
0
1058366138
0
0
277311330
1042210163
0
266055212
92730990
869842054
0
123522686
2357479396
0
0
1125363734
1040000423
674551883
309777998
0
247878019
0
302525324
0
1041101199
0
0
1234310786
2149704417
186948221
0
2903831527
0
0
648622486
1388208735
0
0
0
0
0
322531533
136033713
0
0
797170717
0
0
583087674
0
367273817
0
1132354128
0
0
0
991801978
3564954909
0
761077800
0
2126960815
500242096
0
0
643075729
0
0
0
872504667
0
159094218
235438940
0
322476059
0
324715561
744572003
0
1852993281
1311419281
0
0
674376229
326706684
522797749
3376548761
0
212898805
2235213636
0
0
593898275
0
1358555087
0
0
0
489926518
1752412424
0
0
951442044
0
685888894
1788367457
0
877337616
0
0
0
0
750727955
356200167
653954479
0
5849551433
0
0
0
0
853748653
821551655
442179234
0
0
0
0
1605375033
1573228584
0
0
0
0
827034444
0
0
330178886
0
0
1613728397
0
0
0
0
872125430
1025546649
769301488
648803741
15825508
692981159
1069567430
204479073
0
519993631
0
0
360771368
0
970910257
0
122201227
918665867
0
772338307
0
477550261
0
0
0
133420181
0
0
203850842
2281981611
1400170474
1694952893
629450906
185002028
663878244
3087803752
0
0
0
543158983
0
0
610818763
0
0
0
1193955893
186303574
0
0
0
269584899
422333468
0
0
264906160
755016839
63152882
2500657980
0
0
341015430
0
0
0
2103035863
0
0
0
0
3460892035
0
978673477
0
0
659412431
0
0
0
95266450
0
0
172802710
0
0
0
3553856894
0
0
3090140768
741924411
0
123085442
0
0
292571214
146568017
0
0
0
0
0
811231431
0
284514088
0
3487049294
900579971
694053803
2492663286
0
333780668
0
909528199
0
2136787969
864529939
0
0
993210786
674389192
0
742394237
60143564
666300831
444398483
0
583882119
0
880623465
252643949
1353848296
403480621
4160519142
0
0
0
558194515
0
891329894
932723109
0
0
663878296
595756855
0
0
0
0
0
2281336319
1198433942
606792959
1338164373
424144753
1771207479
379687607
919933412
365710567
935492117
432936149
0
0
1806376628
0
416321666
152013427
0
0
1383796722
0
0
418556184
0
521814696
0
0
0
1030412707
771376550
0
0
999560303
0
0
873518639
425055678
0
32400354
104468016
589642225
0
597405286
0
0
189719872
45771967
41153616
0
1779897923
0
0
1306900613
2194165759
0
1011043505
0
0
977761386
0
0
0
0
0
0
0
945788772
1861412493
1381518176
261112593
835928427
0
0
0
0
0
2241087021
0
0
0
0
902611307
0
348864020
0
587791671
981731312
0
306776968
0
0
3491822773
0
1114391256
0
0
0
0
0
928369443
0
402980858
0
874854883
0
255791678
147342394
421208969
0
2743979811
0
0
0
253860073
0
0
0
341410606
675016716
764908616
0
0
0
0
0
0
0
0
49193248
1973005216
0
0
0
0
73748908
3034626228
0
436481990
0
171414458
1926118454
3165559517
68134136
0
0
0
4155581339
100191211
0
0
0
802187505
98902174
913876542
0
0
0
0
13580710
0
0
0
0
0
805072233
1992305233
2638532376
1828445153
0
0
211419001
0
0
1833476950
173812948
0
0
0
5575032830
319489123
1815646895
0
986768244
0
825601763
322156543
86911228
0
0
800486204
132909429
565036382
497052045
363702914
21204644
0
2495789846
587669633
474577232
1555567613
109956579
0
0
0
0
877877166
0
0
0
0
578470075
0
0
0
234890871
1787531938
1815495878
0
473034855
0
2888462524
0
0
480412035
384378932
164130024
287988124
0
262821216
24969412
81367876
0
0
667026339
940326050
641180687
495166045
0
0
307371511
582992033
0
0
0
3861755005
0
0
0
0
962352459
0
437343181
2350614562
261115417
0
0
0
0
0
1618377815
0
1255297229
0
325534989
0
0
0
73253287
0
36780863
0
0
0
638138447
0
0
1820688643
2255017682
0
1583423210
588857669
0
434663022
0
356086198
0
0
0
610334239
569938233
646977787
0
1920571612
1996376192
0
939028275
0
0
446915468
281779851
1497653071
0
0
0
0
0
324044669
1244232779
514707927
0
0
2648306523
0
0
2009587895
0
0
0
447603078
0
839610763
1620964414
702693882
0
0
0
0
0
0
0
2196208760
0
0
0
1796662577
0
0
0
514546916
709749564
7315478
1306046985
0
0
0
0
0
738060588
925988063
529146366
0
950335347
0
0
113162714
57981762
1477706137
463034816
0
1888003719
872229354
0
1435294496
0
0
0
0
0
921189856
642179340
0
0
0
396088584
244315508
2398293840
0
0
0
520240766
0
541258425
0
0
54130087
702887756
3941394910
0
0
0
502327555
1859236439
0
0
0
0
562695366
351049494
808485622
0
0
531475710
0
0
0
1237861529
433370682
190970476
780473277
0
4027016187
0
0
0
1022350433
649949164
319072946
0
1412816087
0
0
0
294501759
734194616
0
0
685079398
0
0
0
1811993124
0
0
0
0
60317146
164330172
0
214198499
0
350553108
0
964301179
0
959020417
888645759
0
0
0
0
676067861
372034000
0
0
0
0
1556215523
0
0
0
253292923
0
0
0
0
0
763244049
626198048
0
0
613569932
740241173
0
935691311
0
1564065631
0
94589036
0
0
1788156638
0
308759229
0
0
0
0
597635814
887611813
704726007
0
0
742782256
0
0
945444169
931441583
468072298
0
0
0
0
0
0
740041244
0
0
0
0
349847184
428252678
0
666311823
0
694881191
0
0
886160768
0
0
0
2300638936
0
0
0
0
0
625255270
5874639627
0
0
0
408064272
677369429
0
639123072
741211481
0
0
0
3482230077
0
0
0
1074667878
0
0
0
2474656248
296997790
276285309
0
1165018307
4444542921
0
0
366378749
0
624817064
0
88343209
890126461
753761156
0
0
295671970
0
383542609
0
0
934210191
0
952594315
0
1997599642
0
0
1334737916
1904489722
0
474550476
0
0
0
0
1617888018
0
0
265206324
0
797212638
0
0
0
374878020
978454363
815269893
376002906
0
800610195
0
0
51787444
0
2001661129
86316865
0
0
0
260216355
1264755466
0
687760212
0
0
0
0
0
228336349
2275585886
0
1616210661
0
1096582365
0
1922550386
0
0
0
0
0
2725685443
0
0
0
0
1162338513
916632458
0
0
778985737
0
0
883044710
0
0
473274233
907619430
872850756
1318644783
0
4251014697
890417841
0
713454614
0
0
0
1804719513
515579465
679129370
0
1345664545
1645151957
0
749327649
76418362
375300290
0
0
0
0
644620686
0
0
0
85154322
0
0
0
742001710
0
0
0
0
0
0
986328517
415997934
1779158334
209321743
727742692
1160411
761192959
0
2251178155
0
1390886046
0
935843913
0
864128592
139244743
0
0
735596889
0
0
895040767
469764829
0
645609146
631282113
0
0
98820405
728427264
766133515
0
730301637
0
0
0
2328721135
0
3827281675
0
526903727
0
0
729031232
0
284639874
0
0
1271838101
812324665
1114702648
0
358673826
0
1589461986
0
853714057
867923477
0
802898727
0
1576853706
0
0
1077943987
206656344
28435212
449138428
0
0
0
0
426846047
0
0
0
0
562848501
0
3268313437
0
0
0
347730596
9093076
1198450463
1606498320
1756406726
0
0
0
1727546104
461335936
0
1030865353
0
0
637575511
3408081218
0
888571009
0
0
3627053625
82363527
452398659
0
0
0
134842143
0
0
1483914256
0
0
0
0
0
0
830334767
1042776106
0
0
0
0
752218020
1301207987
0
1927197665
0
2264534506
0
842019741
0
0
0
0
0
1173785644
0
0
361684810
0
0
168727416
0
0
0
0
970352211
601868191
0
0
1583154859
0
1863313584
887891763
1266385413
0
858863567
0
110593227
0
0
0
487316711
0
0
0
0
551210372
903689203
0
0
0
618243293
0
0
0
891006735
0
0
141932393
0
448789564
345012107
0
2273928639
0
0
1076858097
0
0
0
0
2671289767
0
0
0
0
634054515
52632480
351376137
688293728
0
992982578
781625603
0
0
0
0
0
505178719
0
93091404
0
1713869325
657215092
0
2073785067
2706201873
0
0
543165287
1731465585
8709259
0
0
0
0
0
0
963373002
0
0
41820717
574511640
0
835661437
2405776848
0
2710284960
0
586844049
0
1648888096
0
0
0
0
0
1369459573
0
0
0
264949656
1407305380
0
832817912
51429330
54718063
3458387886
290162117
0
77267200
0
0
0
0
0
0
281083310
0
0
0
0
645220232
0
0
679109719
0
0
1277940658
1728061056
634928000
1546914358
0
0
0
0
0
0
2834951963
0
0
2325143519
0
278182536
0
673954506
0
0
0
518029357
0
0
0
0
0
0
0
753555937
0
0
0
946753921
0
1270003224
0
0
988474878
846617933
0
922347485
0
0
0
2177113537
736420235
0
0
0
0
0
0
536733128
465414399
1379124162
0
0
2059478954
0
0
0
2718757072
0
510710269
0
0
0
1344038131
4176086666
0
0
94517580
183735305
3594043091
0
2746465764
0
0
0
0
0
1030147110
1955443385
0
0
0
2023375005
0
0
1507195281
0
0
2302016150
0
0
0
0
256152858
0
1212474507
1026732764
875492219
0
155604747
807281310
859251103
0
898005718
0
0
0
946465476
792081030
0
0
0
0
129231562
0
0
690889464
0
563916942
859190417
0
0
0
0
0
0
182834336
0
1613776074
869620898
0
46795190
0
275331580
0
714000671
0
1554695669
0
0
924079307
0
1569512326
984317992
4566519242
0
0
801106423
592580161
290167658
2078808870
0
0
0
0
652732391
3022128547
2805022627
869696324
2502497044
0
0
0
0
0
580443884
0
5109259932
575214195
0
0
0
771439204
156577293
0
508001943
1504836017
1559867035
0
806119719
2336664969
0
0
1183259360
3010056331
1288468470
0
0
0
0
1667607647
0
0
0
1560695100
275948539
846034266
0
0
0
0
0
0
835097886
261602596
0
941439643
0
0
0
0
0
1720648353
0
2150946728
507005559
3914495930
720363981
0
0
0
0
0
0
66411826
0
0
0
0
1608745498
0
708796360
0
1530649670
0
0
216544086
684510661
0
0
0
68176287
0
0
0
0
0
0
0
846496235
0
661364175
0
751652048
1412024632
2066356612
0
431139711
0
442768336
1836485439
0
424702950
472921816
0
1134370973
0
525875884
0
0
0
0
0
0
1988107352
374106800
809901088
0
0
0
925603614
0
40547058
0
0
1026226239
1889925915
1107030005
0
0
0
0
116140645
0
0
622024411
1430598379
1192286350
0
0
561861828
0
985522628
0
0
784584913
0
0
712750930
739986465
823651032
602848489
0
0
0
739485058
0
0
0
0
0
779163726
0
1882438646
0
0
0
0
583063632
0
0
922466271
767589791
0
2621536786
0
0
0
0
0
0
0
0
0
0
36810236
250475837
1773869851
0
615195741
436577059
1628375152
426643753
0
0
942738148
156253373
781043137
0
770735858
42095350
4404590301
0
1321353565
1039265111
0
1975417053
1672414264
36784937
0
0
0
0
0
0
194717648
0
0
0
0
0
1502255743
0
0
0
0
0
0
0
935497336
0
432388600
0
0
0
674118013
620038658
0
0
198491135
197532188
0
0
892977112
319292825
186470531
0
1318767590
1240695904
792386513
0
1753584778
548742899
0
0
0
3362229730
0
0
0
0
0
103316378
0
0
0
878815277
488973376
0
931402139
1013284967
0
0
0
0
0
0
171891189
1748403400
0
270225719
0
0
0
0
0
0
347546895
73059882
0
1386484003
0
383776033
6783989596
0
0
0
328760302
2205861054
0
0
0
0
0
1646683569
1856659158
2140442728
0
0
0
0
0
0
0
342127786
684750297
79496875
0
447773553
0
973186869
0
112289626
681116085
1862072539
408240406
0
3186720463
0
135175924
0
2312089502
334413790
0
0
369934660
0
0
1787867408
136335334
0
804873804
165501937
2477575495
0
163036400
0
93811386
276231296
807760970
172880269
0
633826532
0
123187579
0
0
1728981017
228227050
0
0
0
0
257309050
3074517163
0
0
0
0
0
0
147974381
0
0
711627184
248494165
115839507
1729023566
1254625261
423573875
0
81244577
0
0
776010672
0
0
0
2658650989
1967030423
1135382417
682478906
0
440265975
27189443
0
0
547290445
0
628017878
2191793508
756258034
0
0
0
0
0
0
1583412912
0
0
0
0
0
0
0
541601932
83125478
661650027
1331335693
315453792
1372476641
1543972503
0
356877501
0
0
0
0
0
0
0
671546218
0
245175101
0
0
0
0
913583926
1029323287
0
0
70225170
0
368441580
0
0
863246750
0
0
0
1621071934
0
0
3000535645
991663729
755427693
55123486
0
1898373806
0
2239203929
0
0
580287332
0
3362733645
3169897200
3022335
979909512
367933349
1084082139
0
0
0
374888028
3146592774
0
1120862592
1372743400
322712077
0
0
1827279796
7641206
0
1501352328
402351966
0
0
0
0
637315408
0
0
0
1606948732
0
631776742
937682069
0
352805476
0
0
266383562
0
2077564920
0
0
0
1056114641
0
803270021
3564928488
0
0
606186654
115285965
0
1048776259
0
0
636172092
619548440
0
0
288225968
2140169250
1951362284
718527597
0
0
0
658992918
0
486286686
230783
524315837
1520729272
1049189102
0
435472093
0
0
925621650
0
0
1717823545
330122133
0
1447866554
0
707583358
146787890
366555610
0
0
2866109946
0
0
981869794
0
913027672
296072129
0
1250779101
1006074213
0
0
618587127
0
0
0
2014801698
0
0
0
0
239331410
0
2140390710
0
1418768890
0
0
1298708700
1531662236
607300370
0
0
0
362198369
0
0
189898261
0
0
0
0
701702191
0
0
0
332135306
0
0
922055930
0
0
0
0
1134202027
50422664
0
0
0
2317004608
0
1718400766
2006445508
0
1378983685
0
0
0
0
275948539
575953027
0
2505359624
922406656
0
0
0
0
0
451958719
518349649
212845797
0
0
0
394708564
468295878
493765415
969482609
0
0
899205683
0
0
787232254
0
452147280
1240440221
0
0
4180735707
0
103470070
1132314804
1699907166
976556694
0
0
292520971
0
3219571481
0
0
0
0
111594006
0
0
561603051
0
434610973
0
0
0
628529218
0
0
0
1127969741
542764384
0
0
0
640255684
0
0
0
801807035
0
657169965
0
0
0
0
104093773
797369971
0
0
0
0
0
227136912
0
165889834
797591123
705552921
0
1455927925
1059968432
1911258871
0
0
993557205
0
0
0
0
0
0
329315557
0
0
0
1093168778
3821704008
0
0
0
0
1975680790
1247832442
997685018
0
1272654536
1002781889
719019044
0
0
0
171867706
0
526837714
35705402
0
0
136560428
0
464256015
0
1839282274
1606100240
1928075553
0
936542550
0
1288462925
0
994685437
3303450030
0
2066111384
0
0
0
0
2726074845
0
1710405397
0
0
1638568145
0
557100871
19242517
0
667413569
198388087
491441311
0
0
0
2539485361
2574029496
0
565271881
603167300
355700137
1500649449
1133340114
4391475400
0
0
532215081
0
664221006
0
3631947015
0
694254688
0
43799057
0
0
294687138
656704485
2128024434
0
1949039534
0
0
2301318466
142120772
2746105276
0
1029929748
1585379492
0
632549760
0
0
306283909
2379299896
0
0
0
3949668578
0
0
0
0
0
0
839493190
28089545
754987007
0
592394174
0
0
1932268284
735144
0
0
3216258667
0
288839228
1209457941
0
0
323362288
0
0
0
0
83229721
744797915
106370564
734629148
596822250
0
0
0
704391609
0
0
971938529
1093260969
0
2504470665
4411324849
430845596
0
0
0
1336788905
0
725750247
0
119182379
383001216
26775381
